coor   205
         1    0.00000E+00    0.10000E+02    0.00000E+00
         2    0.25000E+01    0.10000E+02    0.00000E+00
         3    0.50000E+01    0.10000E+02    0.00000E+00
         4    0.75000E+01    0.10000E+02    0.00000E+00
         5    0.10000E+02    0.10000E+02    0.00000E+00
         6    0.12500E+02    0.10000E+02    0.00000E+00
         7    0.15000E+02    0.10000E+02    0.00000E+00
         8    0.17500E+02    0.10000E+02    0.00000E+00
         9    0.20000E+02    0.10000E+02    0.00000E+00
        10    0.22500E+02    0.10000E+02    0.00000E+00
        11    0.25000E+02    0.10000E+02    0.00000E+00
        12    0.27500E+02    0.10000E+02    0.00000E+00
        13    0.30000E+02    0.10000E+02    0.00000E+00
        14    0.32500E+02    0.10000E+02    0.00000E+00
        15    0.35000E+02    0.10000E+02    0.00000E+00
        16    0.37500E+02    0.10000E+02    0.00000E+00
        17    0.40000E+02    0.10000E+02    0.00000E+00
        18    0.42500E+02    0.10000E+02    0.00000E+00
        19    0.45000E+02    0.10000E+02    0.00000E+00
        20    0.47500E+02    0.10000E+02    0.00000E+00
        21    0.50000E+02    0.10000E+02    0.00000E+00
        22    0.52500E+02    0.10000E+02    0.00000E+00
        23    0.55000E+02    0.10000E+02    0.00000E+00
        24    0.57500E+02    0.10000E+02    0.00000E+00
        25    0.60000E+02    0.10000E+02    0.00000E+00
        26    0.62500E+02    0.10000E+02    0.00000E+00
        27    0.65000E+02    0.10000E+02    0.00000E+00
        28    0.67500E+02    0.10000E+02    0.00000E+00
        29    0.70000E+02    0.10000E+02    0.00000E+00
        30    0.72500E+02    0.10000E+02    0.00000E+00
        31    0.75000E+02    0.10000E+02    0.00000E+00
        32    0.77500E+02    0.10000E+02    0.00000E+00
        33    0.80000E+02    0.10000E+02    0.00000E+00
        34    0.82500E+02    0.10000E+02    0.00000E+00
        35    0.85000E+02    0.10000E+02    0.00000E+00
        36    0.87500E+02    0.10000E+02    0.00000E+00
        37    0.90000E+02    0.10000E+02    0.00000E+00
        38    0.92500E+02    0.10000E+02    0.00000E+00
        39    0.95000E+02    0.10000E+02    0.00000E+00
        40    0.97500E+02    0.10000E+02    0.00000E+00
        41    0.10000E+03    0.10000E+02    0.00000E+00
        42    0.00000E+00    0.75000E+01    0.00000E+00
        43    0.25000E+01    0.75000E+01    0.00000E+00
        44    0.50000E+01    0.75000E+01    0.00000E+00
        45    0.75000E+01    0.75000E+01    0.00000E+00
        46    0.10000E+02    0.75000E+01    0.00000E+00
        47    0.12500E+02    0.75000E+01    0.00000E+00
        48    0.15000E+02    0.75000E+01    0.00000E+00
        49    0.17500E+02    0.75000E+01    0.00000E+00
        50    0.20000E+02    0.75000E+01    0.00000E+00
        51    0.22500E+02    0.75000E+01    0.00000E+00
        52    0.25000E+02    0.75000E+01    0.00000E+00
        53    0.27500E+02    0.75000E+01    0.00000E+00
        54    0.30000E+02    0.75000E+01    0.00000E+00
        55    0.32500E+02    0.75000E+01    0.00000E+00
        56    0.35000E+02    0.75000E+01    0.00000E+00
        57    0.37500E+02    0.75000E+01    0.00000E+00
        58    0.40000E+02    0.75000E+01    0.00000E+00
        59    0.42500E+02    0.75000E+01    0.00000E+00
        60    0.45000E+02    0.75000E+01    0.00000E+00
        61    0.47500E+02    0.75000E+01    0.00000E+00
        62    0.50000E+02    0.75000E+01    0.00000E+00
        63    0.52500E+02    0.75000E+01    0.00000E+00
        64    0.55000E+02    0.75000E+01    0.00000E+00
        65    0.57500E+02    0.75000E+01    0.00000E+00
        66    0.60000E+02    0.75000E+01    0.00000E+00
        67    0.62500E+02    0.75000E+01    0.00000E+00
        68    0.65000E+02    0.75000E+01    0.00000E+00
        69    0.67500E+02    0.75000E+01    0.00000E+00
        70    0.70000E+02    0.75000E+01    0.00000E+00
        71    0.72500E+02    0.75000E+01    0.00000E+00
        72    0.75000E+02    0.75000E+01    0.00000E+00
        73    0.77500E+02    0.75000E+01    0.00000E+00
        74    0.80000E+02    0.75000E+01    0.00000E+00
        75    0.82500E+02    0.75000E+01    0.00000E+00
        76    0.85000E+02    0.75000E+01    0.00000E+00
        77    0.87500E+02    0.75000E+01    0.00000E+00
        78    0.90000E+02    0.75000E+01    0.00000E+00
        79    0.92500E+02    0.75000E+01    0.00000E+00
        80    0.95000E+02    0.75000E+01    0.00000E+00
        81    0.97500E+02    0.75000E+01    0.00000E+00
        82    0.10000E+03    0.75000E+01    0.00000E+00
        83    0.00000E+00    0.50000E+01    0.00000E+00
        84    0.25000E+01    0.50000E+01    0.00000E+00
        85    0.50000E+01    0.50000E+01    0.00000E+00
        86    0.75000E+01    0.50000E+01    0.00000E+00
        87    0.10000E+02    0.50000E+01    0.00000E+00
        88    0.12500E+02    0.50000E+01    0.00000E+00
        89    0.15000E+02    0.50000E+01    0.00000E+00
        90    0.17500E+02    0.50000E+01    0.00000E+00
        91    0.20000E+02    0.50000E+01    0.00000E+00
        92    0.22500E+02    0.50000E+01    0.00000E+00
        93    0.25000E+02    0.50000E+01    0.00000E+00
        94    0.27500E+02    0.50000E+01    0.00000E+00
        95    0.30000E+02    0.50000E+01    0.00000E+00
        96    0.32500E+02    0.50000E+01    0.00000E+00
        97    0.35000E+02    0.50000E+01    0.00000E+00
        98    0.37500E+02    0.50000E+01    0.00000E+00
        99    0.40000E+02    0.50000E+01    0.00000E+00
       100    0.42500E+02    0.50000E+01    0.00000E+00
       101    0.45000E+02    0.50000E+01    0.00000E+00
       102    0.47500E+02    0.50000E+01    0.00000E+00
       103    0.50000E+02    0.50000E+01    0.00000E+00
       104    0.52500E+02    0.50000E+01    0.00000E+00
       105    0.55000E+02    0.50000E+01    0.00000E+00
       106    0.57500E+02    0.50000E+01    0.00000E+00
       107    0.60000E+02    0.50000E+01    0.00000E+00
       108    0.62500E+02    0.50000E+01    0.00000E+00
       109    0.65000E+02    0.50000E+01    0.00000E+00
       110    0.67500E+02    0.50000E+01    0.00000E+00
       111    0.70000E+02    0.50000E+01    0.00000E+00
       112    0.72500E+02    0.50000E+01    0.00000E+00
       113    0.75000E+02    0.50000E+01    0.00000E+00
       114    0.77500E+02    0.50000E+01    0.00000E+00
       115    0.80000E+02    0.50000E+01    0.00000E+00
       116    0.82500E+02    0.50000E+01    0.00000E+00
       117    0.85000E+02    0.50000E+01    0.00000E+00
       118    0.87500E+02    0.50000E+01    0.00000E+00
       119    0.90000E+02    0.50000E+01    0.00000E+00
       120    0.92500E+02    0.50000E+01    0.00000E+00
       121    0.95000E+02    0.50000E+01    0.00000E+00
       122    0.97500E+02    0.50000E+01    0.00000E+00
       123    0.10000E+03    0.50000E+01    0.00000E+00
       124    0.00000E+00    0.25000E+01    0.00000E+00
       125    0.25000E+01    0.25000E+01    0.00000E+00
       126    0.50000E+01    0.25000E+01    0.00000E+00
       127    0.75000E+01    0.25000E+01    0.00000E+00
       128    0.10000E+02    0.25000E+01    0.00000E+00
       129    0.12500E+02    0.25000E+01    0.00000E+00
       130    0.15000E+02    0.25000E+01    0.00000E+00
       131    0.17500E+02    0.25000E+01    0.00000E+00
       132    0.20000E+02    0.25000E+01    0.00000E+00
       133    0.22500E+02    0.25000E+01    0.00000E+00
       134    0.25000E+02    0.25000E+01    0.00000E+00
       135    0.27500E+02    0.25000E+01    0.00000E+00
       136    0.30000E+02    0.25000E+01    0.00000E+00
       137    0.32500E+02    0.25000E+01    0.00000E+00
       138    0.35000E+02    0.25000E+01    0.00000E+00
       139    0.37500E+02    0.25000E+01    0.00000E+00
       140    0.40000E+02    0.25000E+01    0.00000E+00
       141    0.42500E+02    0.25000E+01    0.00000E+00
       142    0.45000E+02    0.25000E+01    0.00000E+00
       143    0.47500E+02    0.25000E+01    0.00000E+00
       144    0.50000E+02    0.25000E+01    0.00000E+00
       145    0.52500E+02    0.25000E+01    0.00000E+00
       146    0.55000E+02    0.25000E+01    0.00000E+00
       147    0.57500E+02    0.25000E+01    0.00000E+00
       148    0.60000E+02    0.25000E+01    0.00000E+00
       149    0.62500E+02    0.25000E+01    0.00000E+00
       150    0.65000E+02    0.25000E+01    0.00000E+00
       151    0.67500E+02    0.25000E+01    0.00000E+00
       152    0.70000E+02    0.25000E+01    0.00000E+00
       153    0.72500E+02    0.25000E+01    0.00000E+00
       154    0.75000E+02    0.25000E+01    0.00000E+00
       155    0.77500E+02    0.25000E+01    0.00000E+00
       156    0.80000E+02    0.25000E+01    0.00000E+00
       157    0.82500E+02    0.25000E+01    0.00000E+00
       158    0.85000E+02    0.25000E+01    0.00000E+00
       159    0.87500E+02    0.25000E+01    0.00000E+00
       160    0.90000E+02    0.25000E+01    0.00000E+00
       161    0.92500E+02    0.25000E+01    0.00000E+00
       162    0.95000E+02    0.25000E+01    0.00000E+00
       163    0.97500E+02    0.25000E+01    0.00000E+00
       164    0.10000E+03    0.25000E+01    0.00000E+00
       165    0.00000E+00    0.00000E+00    0.00000E+00
       166    0.25000E+01    0.00000E+00    0.00000E+00
       167    0.50000E+01    0.00000E+00    0.00000E+00
       168    0.75000E+01    0.00000E+00    0.00000E+00
       169    0.10000E+02    0.00000E+00    0.00000E+00
       170    0.12500E+02    0.00000E+00    0.00000E+00
       171    0.15000E+02    0.00000E+00    0.00000E+00
       172    0.17500E+02    0.00000E+00    0.00000E+00
       173    0.20000E+02    0.00000E+00    0.00000E+00
       174    0.22500E+02    0.00000E+00    0.00000E+00
       175    0.25000E+02    0.00000E+00    0.00000E+00
       176    0.27500E+02    0.00000E+00    0.00000E+00
       177    0.30000E+02    0.00000E+00    0.00000E+00
       178    0.32500E+02    0.00000E+00    0.00000E+00
       179    0.35000E+02    0.00000E+00    0.00000E+00
       180    0.37500E+02    0.00000E+00    0.00000E+00
       181    0.40000E+02    0.00000E+00    0.00000E+00
       182    0.42500E+02    0.00000E+00    0.00000E+00
       183    0.45000E+02    0.00000E+00    0.00000E+00
       184    0.47500E+02    0.00000E+00    0.00000E+00
       185    0.50000E+02    0.00000E+00    0.00000E+00
       186    0.52500E+02    0.00000E+00    0.00000E+00
       187    0.55000E+02    0.00000E+00    0.00000E+00
       188    0.57500E+02    0.00000E+00    0.00000E+00
       189    0.60000E+02    0.00000E+00    0.00000E+00
       190    0.62500E+02    0.00000E+00    0.00000E+00
       191    0.65000E+02    0.00000E+00    0.00000E+00
       192    0.67500E+02    0.00000E+00    0.00000E+00
       193    0.70000E+02    0.00000E+00    0.00000E+00
       194    0.72500E+02    0.00000E+00    0.00000E+00
       195    0.75000E+02    0.00000E+00    0.00000E+00
       196    0.77500E+02    0.00000E+00    0.00000E+00
       197    0.80000E+02    0.00000E+00    0.00000E+00
       198    0.82500E+02    0.00000E+00    0.00000E+00
       199    0.85000E+02    0.00000E+00    0.00000E+00
       200    0.87500E+02    0.00000E+00    0.00000E+00
       201    0.90000E+02    0.00000E+00    0.00000E+00
       202    0.92500E+02    0.00000E+00    0.00000E+00
       203    0.95000E+02    0.00000E+00    0.00000E+00
       204    0.97500E+02    0.00000E+00    0.00000E+00
       205    0.10000E+03    0.00000E+00    0.00000E+00
elem        320
         1         3         1        42        43
         2         3         1        43         2
         3         3         2        43        44
         4         3         2        44         3
         5         3         3        44        45
         6         3         3        45         4
         7         3         4        45        46
         8         3         4        46         5
         9         3         5        46        47
        10         3         5        47         6
        11         3         6        47        48
        12         3         6        48         7
        13         3         7        48        49
        14         3         7        49         8
        15         3         8        49        50
        16         3         8        50         9
        17         3         9        50        51
        18         3         9        51        10
        19         3        10        51        52
        20         3        10        52        11
        21         3        11        52        53
        22         3        11        53        12
        23         3        12        53        54
        24         3        12        54        13
        25         3        13        54        55
        26         3        13        55        14
        27         3        14        55        56
        28         3        14        56        15
        29         3        15        56        57
        30         3        15        57        16
        31         3        16        57        58
        32         3        16        58        17
        33         3        17        58        59
        34         3        17        59        18
        35         3        18        59        60
        36         3        18        60        19
        37         3        19        60        61
        38         3        19        61        20
        39         3        20        61        62
        40         3        20        62        21
        41         3        21        62        63
        42         3        21        63        22
        43         3        22        63        64
        44         3        22        64        23
        45         3        23        64        65
        46         3        23        65        24
        47         3        24        65        66
        48         3        24        66        25
        49         3        25        66        67
        50         3        25        67        26
        51         3        26        67        68
        52         3        26        68        27
        53         3        27        68        69
        54         3        27        69        28
        55         3        28        69        70
        56         3        28        70        29
        57         3        29        70        71
        58         3        29        71        30
        59         3        30        71        72
        60         3        30        72        31
        61         3        31        72        73
        62         3        31        73        32
        63         3        32        73        74
        64         3        32        74        33
        65         3        33        74        75
        66         3        33        75        34
        67         3        34        75        76
        68         3        34        76        35
        69         3        35        76        77
        70         3        35        77        36
        71         3        36        77        78
        72         3        36        78        37
        73         3        37        78        79
        74         3        37        79        38
        75         3        38        79        80
        76         3        38        80        39
        77         3        39        80        81
        78         3        39        81        40
        79         3        40        81        82
        80         3        40        82        41
        81         3        42        83        84
        82         3        42        84        43
        83         3        43        84        85
        84         3        43        85        44
        85         3        44        85        86
        86         3        44        86        45
        87         3        45        86        87
        88         3        45        87        46
        89         3        46        87        88
        90         3        46        88        47
        91         3        47        88        89
        92         3        47        89        48
        93         3        48        89        90
        94         3        48        90        49
        95         3        49        90        91
        96         3        49        91        50
        97         3        50        91        92
        98         3        50        92        51
        99         3        51        92        93
       100         3        51        93        52
       101         3        52        93        94
       102         3        52        94        53
       103         3        53        94        95
       104         3        53        95        54
       105         3        54        95        96
       106         3        54        96        55
       107         3        55        96        97
       108         3        55        97        56
       109         3        56        97        98
       110         3        56        98        57
       111         3        57        98        99
       112         3        57        99        58
       113         3        58        99       100
       114         3        58       100        59
       115         3        59       100       101
       116         3        59       101        60
       117         3        60       101       102
       118         3        60       102        61
       119         3        61       102       103
       120         3        61       103        62
       121         3        62       103       104
       122         3        62       104        63
       123         3        63       104       105
       124         3        63       105        64
       125         3        64       105       106
       126         3        64       106        65
       127         3        65       106       107
       128         3        65       107        66
       129         3        66       107       108
       130         3        66       108        67
       131         3        67       108       109
       132         3        67       109        68
       133         3        68       109       110
       134         3        68       110        69
       135         3        69       110       111
       136         3        69       111        70
       137         3        70       111       112
       138         3        70       112        71
       139         3        71       112       113
       140         3        71       113        72
       141         3        72       113       114
       142         3        72       114        73
       143         3        73       114       115
       144         3        73       115        74
       145         3        74       115       116
       146         3        74       116        75
       147         3        75       116       117
       148         3        75       117        76
       149         3        76       117       118
       150         3        76       118        77
       151         3        77       118       119
       152         3        77       119        78
       153         3        78       119       120
       154         3        78       120        79
       155         3        79       120       121
       156         3        79       121        80
       157         3        80       121       122
       158         3        80       122        81
       159         3        81       122       123
       160         3        81       123        82
       161         3        83       124       125
       162         3        83       125        84
       163         3        84       125       126
       164         3        84       126        85
       165         3        85       126       127
       166         3        85       127        86
       167         3        86       127       128
       168         3        86       128        87
       169         3        87       128       129
       170         3        87       129        88
       171         3        88       129       130
       172         3        88       130        89
       173         3        89       130       131
       174         3        89       131        90
       175         3        90       131       132
       176         3        90       132        91
       177         3        91       132       133
       178         3        91       133        92
       179         3        92       133       134
       180         3        92       134        93
       181         3        93       134       135
       182         3        93       135        94
       183         3        94       135       136
       184         3        94       136        95
       185         3        95       136       137
       186         3        95       137        96
       187         3        96       137       138
       188         3        96       138        97
       189         3        97       138       139
       190         3        97       139        98
       191         3        98       139       140
       192         3        98       140        99
       193         3        99       140       141
       194         3        99       141       100
       195         3       100       141       142
       196         3       100       142       101
       197         3       101       142       143
       198         3       101       143       102
       199         3       102       143       144
       200         3       102       144       103
       201         3       103       144       145
       202         3       103       145       104
       203         3       104       145       146
       204         3       104       146       105
       205         3       105       146       147
       206         3       105       147       106
       207         3       106       147       148
       208         3       106       148       107
       209         3       107       148       149
       210         3       107       149       108
       211         3       108       149       150
       212         3       108       150       109
       213         3       109       150       151
       214         3       109       151       110
       215         3       110       151       152
       216         3       110       152       111
       217         3       111       152       153
       218         3       111       153       112
       219         3       112       153       154
       220         3       112       154       113
       221         3       113       154       155
       222         3       113       155       114
       223         3       114       155       156
       224         3       114       156       115
       225         3       115       156       157
       226         3       115       157       116
       227         3       116       157       158
       228         3       116       158       117
       229         3       117       158       159
       230         3       117       159       118
       231         3       118       159       160
       232         3       118       160       119
       233         3       119       160       161
       234         3       119       161       120
       235         3       120       161       162
       236         3       120       162       121
       237         3       121       162       163
       238         3       121       163       122
       239         3       122       163       164
       240         3       122       164       123
       241         3       124       165       166
       242         3       124       166       125
       243         3       125       166       167
       244         3       125       167       126
       245         3       126       167       168
       246         3       126       168       127
       247         3       127       168       169
       248         3       127       169       128
       249         3       128       169       170
       250         3       128       170       129
       251         3       129       170       171
       252         3       129       171       130
       253         3       130       171       172
       254         3       130       172       131
       255         3       131       172       173
       256         3       131       173       132
       257         3       132       173       174
       258         3       132       174       133
       259         3       133       174       175
       260         3       133       175       134
       261         3       134       175       176
       262         3       134       176       135
       263         3       135       176       177
       264         3       135       177       136
       265         3       136       177       178
       266         3       136       178       137
       267         3       137       178       179
       268         3       137       179       138
       269         3       138       179       180
       270         3       138       180       139
       271         3       139       180       181
       272         3       139       181       140
       273         3       140       181       182
       274         3       140       182       141
       275         3       141       182       183
       276         3       141       183       142
       277         3       142       183       184
       278         3       142       184       143
       279         3       143       184       185
       280         3       143       185       144
       281         3       144       185       186
       282         3       144       186       145
       283         3       145       186       187
       284         3       145       187       146
       285         3       146       187       188
       286         3       146       188       147
       287         3       147       188       189
       288         3       147       189       148
       289         3       148       189       190
       290         3       148       190       149
       291         3       149       190       191
       292         3       149       191       150
       293         3       150       191       192
       294         3       150       192       151
       295         3       151       192       193
       296         3       151       193       152
       297         3       152       193       194
       298         3       152       194       153
       299         3       153       194       195
       300         3       153       195       154
       301         3       154       195       196
       302         3       154       196       155
       303         3       155       196       197
       304         3       155       197       156
       305         3       156       197       198
       306         3       156       198       157
       307         3       157       198       199
       308         3       157       199       158
       309         3       158       199       200
       310         3       158       200       159
       311         3       159       200       201
       312         3       159       201       160
       313         3       160       201       202
       314         3       160       202       161
       315         3       161       202       203
       316         3       161       203       162
       317         3       162       203       204
       318         3       162       204       163
       319         3       163       204       205
       320         3       163       205       164
nosc  2
         1   0.19759E+000  -0.74891E-002
         2   0.19741E+000  -0.56592E-001
         3   0.19663E+000  -0.10597E+000
         4   0.19511E+000  -0.15485E+000
         5   0.19289E+000  -0.20274E+000
         6   0.19003E+000  -0.24925E+000
         7   0.18660E+000  -0.29409E+000
         8   0.18264E+000  -0.33699E+000
         9   0.17821E+000  -0.37771E+000
        10   0.17333E+000  -0.41601E+000
        11   0.16804E+000  -0.45168E+000
        12   0.16239E+000  -0.48453E+000
        13   0.15640E+000  -0.51439E+000
        14   0.15012E+000  -0.54110E+000
        15   0.14359E+000  -0.56452E+000
        16   0.13683E+000  -0.58454E+000
        17   0.12988E+000  -0.60105E+000
        18   0.12279E+000  -0.61396E+000
        19   0.11559E+000  -0.62323E+000
        20   0.10831E+000  -0.62879E+000
        21   0.10100E+000  -0.63063E+000
        22   0.93684E-001  -0.62873E+000
        23   0.86405E-001  -0.62310E+000
        24   0.79197E-001  -0.61377E+000
        25   0.72099E-001  -0.60079E+000
        26   0.65147E-001  -0.58422E+000
        27   0.58378E-001  -0.56414E+000
        28   0.51828E-001  -0.54065E+000
        29   0.45533E-001  -0.51388E+000
        30   0.39532E-001  -0.48396E+000
        31   0.33860E-001  -0.45104E+000
        32   0.28554E-001  -0.41531E+000
        33   0.23651E-001  -0.37694E+000
        34   0.19187E-001  -0.33616E+000
        35   0.15202E-001  -0.29319E+000
        36   0.11739E-001  -0.24827E+000
        37   0.88549E-002  -0.20167E+000
        38   0.66276E-002  -0.15370E+000
        39   0.51530E-002  -0.10481E+000
        40   0.44739E-002  -0.55537E-001
        41   0.43880E-002  -0.64872E-002
        42   0.14895E+000  -0.72220E-002
        43   0.14885E+000  -0.56476E-001
        44   0.14839E+000  -0.10606E+000
        45   0.14758E+000  -0.15512E+000
        46   0.14646E+000  -0.20316E+000
        47   0.14505E+000  -0.24981E+000
        48   0.14337E+000  -0.29478E+000
        49   0.14142E+000  -0.33779E+000
        50   0.13924E+000  -0.37862E+000
        51   0.13684E+000  -0.41701E+000
        52   0.13423E+000  -0.45277E+000
        53   0.13144E+000  -0.48571E+000
        54   0.12848E+000  -0.51564E+000
        55   0.12537E+000  -0.54241E+000
        56   0.12214E+000  -0.56589E+000
        57   0.11879E+000  -0.58596E+000
        58   0.11535E+000  -0.60251E+000
        59   0.11184E+000  -0.61546E+000
        60   0.10827E+000  -0.62475E+000
        61   0.10466E+000  -0.63033E+000
        62   0.10103E+000  -0.63217E+000
        63   0.97406E-001  -0.63027E+000
        64   0.93795E-001  -0.62463E+000
        65   0.90220E-001  -0.61529E+000
        66   0.86700E-001  -0.60228E+000
        67   0.83251E-001  -0.58567E+000
        68   0.79894E-001  -0.56555E+000
        69   0.76646E-001  -0.54202E+000
        70   0.73525E-001  -0.51518E+000
        71   0.70550E-001  -0.48519E+000
        72   0.67740E-001  -0.45220E+000
        73   0.65112E-001  -0.41639E+000
        74   0.62686E-001  -0.37793E+000
        75   0.60478E-001  -0.33705E+000
        76   0.58507E-001  -0.29397E+000
        77   0.56788E-001  -0.24894E+000
        78   0.55338E-001  -0.20222E+000
        79   0.54175E-001  -0.15410E+000
        80   0.53348E-001  -0.10500E+000
        81   0.52940E-001  -0.55462E-001
        82   0.52987E-001  -0.62466E-002
        83   0.10081E+000  -0.62323E-002
        84   0.10090E+000  -0.56094E-001
        85   0.10082E+000  -0.10599E+000
        86   0.10074E+000  -0.15516E+000
        87   0.10071E+000  -0.20325E+000
        88   0.10071E+000  -0.24994E+000
        89   0.10072E+000  -0.29494E+000
        90   0.10075E+000  -0.33799E+000
        91   0.10078E+000  -0.37885E+000
        92   0.10081E+000  -0.41728E+000
        93   0.10083E+000  -0.45307E+000
        94   0.10086E+000  -0.48603E+000
        95   0.10089E+000  -0.51599E+000
        96   0.10091E+000  -0.54279E+000
        97   0.10094E+000  -0.56629E+000
        98   0.10096E+000  -0.58638E+000
        99   0.10098E+000  -0.60294E+000
       100   0.10100E+000  -0.61591E+000
       101   0.10102E+000  -0.62520E+000
       102   0.10104E+000  -0.63079E+000
       103   0.10106E+000  -0.63264E+000
       104   0.10108E+000  -0.63074E+000
       105   0.10110E+000  -0.62510E+000
       106   0.10111E+000  -0.61575E+000
       107   0.10113E+000  -0.60274E+000
       108   0.10114E+000  -0.58613E+000
       109   0.10115E+000  -0.56599E+000
       110   0.10116E+000  -0.54244E+000
       111   0.10117E+000  -0.51559E+000
       112   0.10118E+000  -0.48558E+000
       113   0.10119E+000  -0.45257E+000
       114   0.10120E+000  -0.41672E+000
       115   0.10121E+000  -0.37824E+000
       116   0.10121E+000  -0.33734E+000
       117   0.10121E+000  -0.29423E+000
       118   0.10119E+000  -0.24918E+000
       119   0.10115E+000  -0.20244E+000
       120   0.10105E+000  -0.15429E+000
       121   0.10090E+000  -0.10502E+000
       122   0.10084E+000  -0.55090E-001
       123   0.10119E+000  -0.53479E-002
       124   0.52029E-001  -0.40348E-002
       125   0.52459E-001  -0.55464E-001
       126   0.52931E-001  -0.10576E+000
       127   0.53725E-001  -0.15497E+000
       128   0.54864E-001  -0.20301E+000
       129   0.56319E-001  -0.24963E+000
       130   0.58061E-001  -0.29459E+000
       131   0.60064E-001  -0.33760E+000
       132   0.62307E-001  -0.37842E+000
       133   0.64769E-001  -0.41682E+000
       134   0.67433E-001  -0.45259E+000
       135   0.70279E-001  -0.48553E+000
       136   0.73290E-001  -0.51547E+000
       137   0.76446E-001  -0.54225E+000
       138   0.79730E-001  -0.56574E+000
       139   0.83123E-001  -0.58581E+000
       140   0.86607E-001  -0.60236E+000
       141   0.90164E-001  -0.61532E+000
       142   0.93774E-001  -0.62462E+000
       143   0.97420E-001  -0.63020E+000
       144   0.10108E+000  -0.63205E+000
       145   0.10475E+000  -0.63016E+000
       146   0.10839E+000  -0.62453E+000
       147   0.11200E+000  -0.61519E+000
       148   0.11554E+000  -0.60219E+000
       149   0.11902E+000  -0.58559E+000
       150   0.12240E+000  -0.56547E+000
       151   0.12567E+000  -0.54194E+000
       152   0.12882E+000  -0.51512E+000
       153   0.13181E+000  -0.48513E+000
       154   0.13464E+000  -0.45215E+000
       155   0.13728E+000  -0.41634E+000
       156   0.13972E+000  -0.37789E+000
       157   0.14194E+000  -0.33703E+000
       158   0.14391E+000  -0.29397E+000
       159   0.14563E+000  -0.24898E+000
       160   0.14705E+000  -0.20231E+000
       161   0.14816E+000  -0.15422E+000
       162   0.14889E+000  -0.10493E+000
       163   0.14920E+000  -0.54441E-001
       164   0.14985E+000  -0.33369E-002
       165   0.00000E+000   0.00000E+000
       166   0.21557E-002  -0.54730E-001
       167   0.38216E-002  -0.10534E+000
       168   0.58168E-002  -0.15447E+000
       169   0.82886E-002  -0.20237E+000
       170   0.11283E-001  -0.24887E+000
       171   0.14803E-001  -0.29369E+000
       172   0.18827E-001  -0.33660E+000
       173   0.23326E-001  -0.37732E+000
       174   0.28263E-001  -0.41562E+000
       175   0.33604E-001  -0.45131E+000
       176   0.39312E-001  -0.48417E+000
       177   0.45349E-001  -0.51405E+000
       178   0.51678E-001  -0.54077E+000
       179   0.58264E-001  -0.56420E+000
       180   0.65069E-001  -0.58423E+000
       181   0.72057E-001  -0.60075E+000
       182   0.79191E-001  -0.61369E+000
       183   0.86434E-001  -0.62296E+000
       184   0.93749E-001  -0.62854E+000
       185   0.10110E+000  -0.63039E+000
       186   0.10845E+000  -0.62850E+000
       187   0.11576E+000  -0.62289E+000
       188   0.12300E+000  -0.61358E+000
       189   0.13013E+000  -0.60061E+000
       190   0.13711E+000  -0.58405E+000
       191   0.14390E+000  -0.56398E+000
       192   0.15047E+000  -0.54051E+000
       193   0.15679E+000  -0.51375E+000
       194   0.16281E+000  -0.48384E+000
       195   0.16850E+000  -0.45094E+000
       196   0.17382E+000  -0.41521E+000
       197   0.17873E+000  -0.37687E+000
       198   0.18321E+000  -0.33611E+000
       199   0.18721E+000  -0.29317E+000
       200   0.19071E+000  -0.24829E+000
       201   0.19370E+000  -0.20175E+000
       202   0.19619E+000  -0.15378E+000
       203   0.19820E+000  -0.10457E+000
       204   0.19975E+000  -0.53961E-001
       205   0.20017E+000   0.00000E+000
nvec 
         1   0.19759E+000  -0.74891E-002   0.00000E+000
         2   0.19741E+000  -0.56592E-001   0.00000E+000
         3   0.19663E+000  -0.10597E+000   0.00000E+000
         4   0.19511E+000  -0.15485E+000   0.00000E+000
         5   0.19289E+000  -0.20274E+000   0.00000E+000
         6   0.19003E+000  -0.24925E+000   0.00000E+000
         7   0.18660E+000  -0.29409E+000   0.00000E+000
         8   0.18264E+000  -0.33699E+000   0.00000E+000
         9   0.17821E+000  -0.37771E+000   0.00000E+000
        10   0.17333E+000  -0.41601E+000   0.00000E+000
        11   0.16804E+000  -0.45168E+000   0.00000E+000
        12   0.16239E+000  -0.48453E+000   0.00000E+000
        13   0.15640E+000  -0.51439E+000   0.00000E+000
        14   0.15012E+000  -0.54110E+000   0.00000E+000
        15   0.14359E+000  -0.56452E+000   0.00000E+000
        16   0.13683E+000  -0.58454E+000   0.00000E+000
        17   0.12988E+000  -0.60105E+000   0.00000E+000
        18   0.12279E+000  -0.61396E+000   0.00000E+000
        19   0.11559E+000  -0.62323E+000   0.00000E+000
        20   0.10831E+000  -0.62879E+000   0.00000E+000
        21   0.10100E+000  -0.63063E+000   0.00000E+000
        22   0.93684E-001  -0.62873E+000   0.00000E+000
        23   0.86405E-001  -0.62310E+000   0.00000E+000
        24   0.79197E-001  -0.61377E+000   0.00000E+000
        25   0.72099E-001  -0.60079E+000   0.00000E+000
        26   0.65147E-001  -0.58422E+000   0.00000E+000
        27   0.58378E-001  -0.56414E+000   0.00000E+000
        28   0.51828E-001  -0.54065E+000   0.00000E+000
        29   0.45533E-001  -0.51388E+000   0.00000E+000
        30   0.39532E-001  -0.48396E+000   0.00000E+000
        31   0.33860E-001  -0.45104E+000   0.00000E+000
        32   0.28554E-001  -0.41531E+000   0.00000E+000
        33   0.23651E-001  -0.37694E+000   0.00000E+000
        34   0.19187E-001  -0.33616E+000   0.00000E+000
        35   0.15202E-001  -0.29319E+000   0.00000E+000
        36   0.11739E-001  -0.24827E+000   0.00000E+000
        37   0.88549E-002  -0.20167E+000   0.00000E+000
        38   0.66276E-002  -0.15370E+000   0.00000E+000
        39   0.51530E-002  -0.10481E+000   0.00000E+000
        40   0.44739E-002  -0.55537E-001   0.00000E+000
        41   0.43880E-002  -0.64872E-002   0.00000E+000
        42   0.14895E+000  -0.72220E-002   0.00000E+000
        43   0.14885E+000  -0.56476E-001   0.00000E+000
        44   0.14839E+000  -0.10606E+000   0.00000E+000
        45   0.14758E+000  -0.15512E+000   0.00000E+000
        46   0.14646E+000  -0.20316E+000   0.00000E+000
        47   0.14505E+000  -0.24981E+000   0.00000E+000
        48   0.14337E+000  -0.29478E+000   0.00000E+000
        49   0.14142E+000  -0.33779E+000   0.00000E+000
        50   0.13924E+000  -0.37862E+000   0.00000E+000
        51   0.13684E+000  -0.41701E+000   0.00000E+000
        52   0.13423E+000  -0.45277E+000   0.00000E+000
        53   0.13144E+000  -0.48571E+000   0.00000E+000
        54   0.12848E+000  -0.51564E+000   0.00000E+000
        55   0.12537E+000  -0.54241E+000   0.00000E+000
        56   0.12214E+000  -0.56589E+000   0.00000E+000
        57   0.11879E+000  -0.58596E+000   0.00000E+000
        58   0.11535E+000  -0.60251E+000   0.00000E+000
        59   0.11184E+000  -0.61546E+000   0.00000E+000
        60   0.10827E+000  -0.62475E+000   0.00000E+000
        61   0.10466E+000  -0.63033E+000   0.00000E+000
        62   0.10103E+000  -0.63217E+000   0.00000E+000
        63   0.97406E-001  -0.63027E+000   0.00000E+000
        64   0.93795E-001  -0.62463E+000   0.00000E+000
        65   0.90220E-001  -0.61529E+000   0.00000E+000
        66   0.86700E-001  -0.60228E+000   0.00000E+000
        67   0.83251E-001  -0.58567E+000   0.00000E+000
        68   0.79894E-001  -0.56555E+000   0.00000E+000
        69   0.76646E-001  -0.54202E+000   0.00000E+000
        70   0.73525E-001  -0.51518E+000   0.00000E+000
        71   0.70550E-001  -0.48519E+000   0.00000E+000
        72   0.67740E-001  -0.45220E+000   0.00000E+000
        73   0.65112E-001  -0.41639E+000   0.00000E+000
        74   0.62686E-001  -0.37793E+000   0.00000E+000
        75   0.60478E-001  -0.33705E+000   0.00000E+000
        76   0.58507E-001  -0.29397E+000   0.00000E+000
        77   0.56788E-001  -0.24894E+000   0.00000E+000
        78   0.55338E-001  -0.20222E+000   0.00000E+000
        79   0.54175E-001  -0.15410E+000   0.00000E+000
        80   0.53348E-001  -0.10500E+000   0.00000E+000
        81   0.52940E-001  -0.55462E-001   0.00000E+000
        82   0.52987E-001  -0.62466E-002   0.00000E+000
        83   0.10081E+000  -0.62323E-002   0.00000E+000
        84   0.10090E+000  -0.56094E-001   0.00000E+000
        85   0.10082E+000  -0.10599E+000   0.00000E+000
        86   0.10074E+000  -0.15516E+000   0.00000E+000
        87   0.10071E+000  -0.20325E+000   0.00000E+000
        88   0.10071E+000  -0.24994E+000   0.00000E+000
        89   0.10072E+000  -0.29494E+000   0.00000E+000
        90   0.10075E+000  -0.33799E+000   0.00000E+000
        91   0.10078E+000  -0.37885E+000   0.00000E+000
        92   0.10081E+000  -0.41728E+000   0.00000E+000
        93   0.10083E+000  -0.45307E+000   0.00000E+000
        94   0.10086E+000  -0.48603E+000   0.00000E+000
        95   0.10089E+000  -0.51599E+000   0.00000E+000
        96   0.10091E+000  -0.54279E+000   0.00000E+000
        97   0.10094E+000  -0.56629E+000   0.00000E+000
        98   0.10096E+000  -0.58638E+000   0.00000E+000
        99   0.10098E+000  -0.60294E+000   0.00000E+000
       100   0.10100E+000  -0.61591E+000   0.00000E+000
       101   0.10102E+000  -0.62520E+000   0.00000E+000
       102   0.10104E+000  -0.63079E+000   0.00000E+000
       103   0.10106E+000  -0.63264E+000   0.00000E+000
       104   0.10108E+000  -0.63074E+000   0.00000E+000
       105   0.10110E+000  -0.62510E+000   0.00000E+000
       106   0.10111E+000  -0.61575E+000   0.00000E+000
       107   0.10113E+000  -0.60274E+000   0.00000E+000
       108   0.10114E+000  -0.58613E+000   0.00000E+000
       109   0.10115E+000  -0.56599E+000   0.00000E+000
       110   0.10116E+000  -0.54244E+000   0.00000E+000
       111   0.10117E+000  -0.51559E+000   0.00000E+000
       112   0.10118E+000  -0.48558E+000   0.00000E+000
       113   0.10119E+000  -0.45257E+000   0.00000E+000
       114   0.10120E+000  -0.41672E+000   0.00000E+000
       115   0.10121E+000  -0.37824E+000   0.00000E+000
       116   0.10121E+000  -0.33734E+000   0.00000E+000
       117   0.10121E+000  -0.29423E+000   0.00000E+000
       118   0.10119E+000  -0.24918E+000   0.00000E+000
       119   0.10115E+000  -0.20244E+000   0.00000E+000
       120   0.10105E+000  -0.15429E+000   0.00000E+000
       121   0.10090E+000  -0.10502E+000   0.00000E+000
       122   0.10084E+000  -0.55090E-001   0.00000E+000
       123   0.10119E+000  -0.53479E-002   0.00000E+000
       124   0.52029E-001  -0.40348E-002   0.00000E+000
       125   0.52459E-001  -0.55464E-001   0.00000E+000
       126   0.52931E-001  -0.10576E+000   0.00000E+000
       127   0.53725E-001  -0.15497E+000   0.00000E+000
       128   0.54864E-001  -0.20301E+000   0.00000E+000
       129   0.56319E-001  -0.24963E+000   0.00000E+000
       130   0.58061E-001  -0.29459E+000   0.00000E+000
       131   0.60064E-001  -0.33760E+000   0.00000E+000
       132   0.62307E-001  -0.37842E+000   0.00000E+000
       133   0.64769E-001  -0.41682E+000   0.00000E+000
       134   0.67433E-001  -0.45259E+000   0.00000E+000
       135   0.70279E-001  -0.48553E+000   0.00000E+000
       136   0.73290E-001  -0.51547E+000   0.00000E+000
       137   0.76446E-001  -0.54225E+000   0.00000E+000
       138   0.79730E-001  -0.56574E+000   0.00000E+000
       139   0.83123E-001  -0.58581E+000   0.00000E+000
       140   0.86607E-001  -0.60236E+000   0.00000E+000
       141   0.90164E-001  -0.61532E+000   0.00000E+000
       142   0.93774E-001  -0.62462E+000   0.00000E+000
       143   0.97420E-001  -0.63020E+000   0.00000E+000
       144   0.10108E+000  -0.63205E+000   0.00000E+000
       145   0.10475E+000  -0.63016E+000   0.00000E+000
       146   0.10839E+000  -0.62453E+000   0.00000E+000
       147   0.11200E+000  -0.61519E+000   0.00000E+000
       148   0.11554E+000  -0.60219E+000   0.00000E+000
       149   0.11902E+000  -0.58559E+000   0.00000E+000
       150   0.12240E+000  -0.56547E+000   0.00000E+000
       151   0.12567E+000  -0.54194E+000   0.00000E+000
       152   0.12882E+000  -0.51512E+000   0.00000E+000
       153   0.13181E+000  -0.48513E+000   0.00000E+000
       154   0.13464E+000  -0.45215E+000   0.00000E+000
       155   0.13728E+000  -0.41634E+000   0.00000E+000
       156   0.13972E+000  -0.37789E+000   0.00000E+000
       157   0.14194E+000  -0.33703E+000   0.00000E+000
       158   0.14391E+000  -0.29397E+000   0.00000E+000
       159   0.14563E+000  -0.24898E+000   0.00000E+000
       160   0.14705E+000  -0.20231E+000   0.00000E+000
       161   0.14816E+000  -0.15422E+000   0.00000E+000
       162   0.14889E+000  -0.10493E+000   0.00000E+000
       163   0.14920E+000  -0.54441E-001   0.00000E+000
       164   0.14985E+000  -0.33369E-002   0.00000E+000
       165   0.00000E+000   0.00000E+000   0.00000E+000
       166   0.21557E-002  -0.54730E-001   0.00000E+000
       167   0.38216E-002  -0.10534E+000   0.00000E+000
       168   0.58168E-002  -0.15447E+000   0.00000E+000
       169   0.82886E-002  -0.20237E+000   0.00000E+000
       170   0.11283E-001  -0.24887E+000   0.00000E+000
       171   0.14803E-001  -0.29369E+000   0.00000E+000
       172   0.18827E-001  -0.33660E+000   0.00000E+000
       173   0.23326E-001  -0.37732E+000   0.00000E+000
       174   0.28263E-001  -0.41562E+000   0.00000E+000
       175   0.33604E-001  -0.45131E+000   0.00000E+000
       176   0.39312E-001  -0.48417E+000   0.00000E+000
       177   0.45349E-001  -0.51405E+000   0.00000E+000
       178   0.51678E-001  -0.54077E+000   0.00000E+000
       179   0.58264E-001  -0.56420E+000   0.00000E+000
       180   0.65069E-001  -0.58423E+000   0.00000E+000
       181   0.72057E-001  -0.60075E+000   0.00000E+000
       182   0.79191E-001  -0.61369E+000   0.00000E+000
       183   0.86434E-001  -0.62296E+000   0.00000E+000
       184   0.93749E-001  -0.62854E+000   0.00000E+000
       185   0.10110E+000  -0.63039E+000   0.00000E+000
       186   0.10845E+000  -0.62850E+000   0.00000E+000
       187   0.11576E+000  -0.62289E+000   0.00000E+000
       188   0.12300E+000  -0.61358E+000   0.00000E+000
       189   0.13013E+000  -0.60061E+000   0.00000E+000
       190   0.13711E+000  -0.58405E+000   0.00000E+000
       191   0.14390E+000  -0.56398E+000   0.00000E+000
       192   0.15047E+000  -0.54051E+000   0.00000E+000
       193   0.15679E+000  -0.51375E+000   0.00000E+000
       194   0.16281E+000  -0.48384E+000   0.00000E+000
       195   0.16850E+000  -0.45094E+000   0.00000E+000
       196   0.17382E+000  -0.41521E+000   0.00000E+000
       197   0.17873E+000  -0.37687E+000   0.00000E+000
       198   0.18321E+000  -0.33611E+000   0.00000E+000
       199   0.18721E+000  -0.29317E+000   0.00000E+000
       200   0.19071E+000  -0.24829E+000   0.00000E+000
       201   0.19370E+000  -0.20175E+000   0.00000E+000
       202   0.19619E+000  -0.15378E+000   0.00000E+000
       203   0.19820E+000  -0.10457E+000   0.00000E+000
       204   0.19975E+000  -0.53961E-001   0.00000E+000
       205   0.20017E+000   0.00000E+000   0.00000E+000
tens 
         1   -0.18079E+01   -0.21513E+01   -0.18530E+01    0.37826E+01
         2   -0.45170E+01   -0.17528E+01   -0.28919E+01    0.63755E+01
         3   -0.91510E+01   -0.14880E+01   -0.35664E+01    0.10512E+02
         4   -0.14070E+02   -0.15279E+01   -0.35922E+01    0.14748E+02
         5   -0.18672E+02   -0.16614E+01   -0.34833E+01    0.18889E+02
         6   -0.22868E+02   -0.18026E+01   -0.33870E+01    0.22790E+02
         7   -0.26702E+02   -0.19297E+01   -0.33195E+01    0.26425E+02
         8   -0.30223E+02   -0.20413E+01   -0.32678E+01    0.29798E+02
         9   -0.33461E+02   -0.21402E+01   -0.32191E+01    0.32919E+02
        10   -0.36430E+02   -0.22285E+01   -0.31663E+01    0.35791E+02
        11   -0.39136E+02   -0.23073E+01   -0.31058E+01    0.38413E+02
        12   -0.41581E+02   -0.23774E+01   -0.30360E+01    0.40785E+02
        13   -0.43767E+02   -0.24388E+01   -0.29566E+01    0.42907E+02
        14   -0.45693E+02   -0.24918E+01   -0.28673E+01    0.44776E+02
        15   -0.47360E+02   -0.25363E+01   -0.27681E+01    0.46393E+02
        16   -0.48767E+02   -0.25723E+01   -0.26590E+01    0.47756E+02
        17   -0.49915E+02   -0.25998E+01   -0.25400E+01    0.48866E+02
        18   -0.50803E+02   -0.26189E+01   -0.24111E+01    0.49721E+02
        19   -0.51431E+02   -0.26295E+01   -0.22724E+01    0.50322E+02
        20   -0.51800E+02   -0.26316E+01   -0.21237E+01    0.50669E+02
        21   -0.51909E+02   -0.26252E+01   -0.19652E+01    0.50762E+02
        22   -0.51759E+02   -0.26104E+01   -0.17967E+01    0.50600E+02
        23   -0.51349E+02   -0.25871E+01   -0.16184E+01    0.50184E+02
        24   -0.50679E+02   -0.25553E+01   -0.14302E+01    0.49513E+02
        25   -0.49750E+02   -0.25151E+01   -0.12321E+01    0.48588E+02
        26   -0.48561E+02   -0.24664E+01   -0.10242E+01    0.47409E+02
        27   -0.47113E+02   -0.24092E+01   -0.80636E+00    0.45977E+02
        28   -0.45405E+02   -0.23437E+01   -0.57874E+00    0.44291E+02
        29   -0.43437E+02   -0.22697E+01   -0.34138E+00    0.42352E+02
        30   -0.41211E+02   -0.21872E+01   -0.94315E-01    0.40162E+02
        31   -0.38725E+02   -0.20960E+01    0.16262E+00    0.37721E+02
        32   -0.35979E+02   -0.19945E+01    0.43042E+00    0.35033E+02
        33   -0.32973E+02   -0.18794E+01    0.71253E+00    0.32098E+02
        34   -0.29699E+02   -0.17434E+01    0.10182E+01    0.28920E+02
        35   -0.26139E+02   -0.15752E+01    0.13681E+01    0.25498E+02
        36   -0.22245E+02   -0.13707E+01    0.17965E+01    0.21815E+02
        37   -0.17920E+02   -0.11741E+01    0.23292E+01    0.17825E+02
        38   -0.13020E+02   -0.11273E+01    0.28801E+01    0.13453E+02
        39   -0.75985E+01   -0.14158E+01    0.30662E+01    0.87857E+01
        40   -0.25693E+01   -0.18654E+01    0.21591E+01    0.43902E+01
        41   -0.14585E+01   -0.24585E+01    0.14585E+01    0.33117E+01
        42   -0.18647E+01   -0.51483E+01   -0.39172E+01    0.81495E+01
        43   -0.27344E+01   -0.26865E+01   -0.39940E+01    0.74299E+01
        44   -0.52367E+01   -0.16169E+01   -0.47481E+01    0.94448E+01
        45   -0.79329E+01   -0.12510E+01   -0.45472E+01    0.10798E+02
        46   -0.10544E+02   -0.11680E+01   -0.41575E+01    0.12332E+02
        47   -0.12995E+02   -0.11573E+01   -0.37938E+01    0.14084E+02
        48   -0.15277E+02   -0.11519E+01   -0.34820E+01    0.15921E+02
        49   -0.17394E+02   -0.11384E+01   -0.32053E+01    0.17745E+02
        50   -0.19352E+02   -0.11178E+01   -0.29466E+01    0.19498E+02
        51   -0.21152E+02   -0.10932E+01   -0.26958E+01    0.21149E+02
        52   -0.22798E+02   -0.10667E+01   -0.24481E+01    0.22684E+02
        53   -0.24289E+02   -0.10395E+01   -0.22013E+01    0.24090E+02
        54   -0.25626E+02   -0.10121E+01   -0.19548E+01    0.25362E+02
        55   -0.26808E+02   -0.98456E+00   -0.17083E+01    0.26495E+02
        56   -0.27836E+02   -0.95701E+00   -0.14618E+01    0.27487E+02
        57   -0.28710E+02   -0.92946E+00   -0.12152E+01    0.28336E+02
        58   -0.29430E+02   -0.90191E+00   -0.96871E+00    0.29038E+02
        59   -0.29996E+02   -0.87437E+00   -0.72217E+00    0.29595E+02
        60   -0.30407E+02   -0.84682E+00   -0.47564E+00    0.30004E+02
        61   -0.30664E+02   -0.81928E+00   -0.22910E+00    0.30265E+02
        62   -0.30767E+02   -0.79174E+00    0.17444E-01    0.30379E+02
        63   -0.30716E+02   -0.76420E+00    0.26398E+00    0.30344E+02
        64   -0.30510E+02   -0.73665E+00    0.51052E+00    0.30161E+02
        65   -0.30150E+02   -0.70912E+00    0.75706E+00    0.29831E+02
        66   -0.29636E+02   -0.68158E+00    0.10036E+01    0.29353E+02
        67   -0.28968E+02   -0.65406E+00    0.12501E+01    0.28728E+02
        68   -0.28145E+02   -0.62657E+00    0.14966E+01    0.27957E+02
        69   -0.27168E+02   -0.59910E+00    0.17431E+01    0.27043E+02
        70   -0.26037E+02   -0.57164E+00    0.19896E+01    0.25985E+02
        71   -0.24751E+02   -0.54400E+00    0.22361E+01    0.24788E+02
        72   -0.23311E+02   -0.51555E+00    0.24828E+01    0.23456E+02
        73   -0.21717E+02   -0.48449E+00    0.27307E+01    0.21994E+02
        74   -0.19970E+02   -0.44648E+00    0.29820E+01    0.20414E+02
        75   -0.18070E+02   -0.39279E+00    0.32429E+01    0.18739E+02
        76   -0.16025E+02   -0.31027E+00    0.35262E+01    0.17007E+02
        77   -0.13841E+02   -0.19325E+00    0.38557E+01    0.15282E+02
        78   -0.11515E+02   -0.95768E-01    0.42609E+01    0.13637E+02
        79   -0.89784E+01   -0.26472E+00    0.47229E+01    0.12051E+02
        80   -0.59608E+01   -0.11552E+01    0.49319E+01    0.10147E+02
        81   -0.23628E+01   -0.29521E+01    0.39782E+01    0.74028E+01
        82   -0.10944E+01   -0.37286E+01    0.23881E+01    0.53037E+01
        83   -0.16936E+01   -0.11196E+02   -0.62438E+01    0.15040E+02
        84   -0.90349E+00   -0.48095E+01   -0.55219E+01    0.10539E+02
        85   -0.50320E+00   -0.17904E+01   -0.59527E+01    0.10434E+02
        86   -0.11155E+00   -0.89018E+00   -0.56556E+01    0.98317E+01
        87    0.14749E+00   -0.74598E+00   -0.52676E+01    0.91614E+01
        88    0.27443E+00   -0.77848E+00   -0.48962E+01    0.85330E+01
        89    0.31858E+00   -0.81572E+00   -0.45477E+01    0.79417E+01
        90    0.32098E+00   -0.82727E+00   -0.42132E+01    0.73692E+01
        91    0.30520E+00   -0.81866E+00   -0.38854E+01    0.68046E+01
        92    0.28243E+00   -0.79904E+00   -0.35605E+01    0.62430E+01
        93    0.25733E+00   -0.77438E+00   -0.32365E+01    0.56824E+01
        94    0.23161E+00   -0.74773E+00   -0.29128E+01    0.51225E+01
        95    0.20580E+00   -0.72040E+00   -0.25892E+01    0.45631E+01
        96    0.18001E+00   -0.69286E+00   -0.22656E+01    0.40045E+01
        97    0.15427E+00   -0.66530E+00   -0.19419E+01    0.34471E+01
        98    0.12854E+00   -0.63773E+00   -0.16183E+01    0.28917E+01
        99    0.10283E+00   -0.61018E+00   -0.12946E+01    0.23396E+01
       100    0.77119E-01   -0.58263E+00   -0.97097E+00    0.17941E+01
       101    0.51412E-01   -0.55509E+00   -0.64732E+00    0.12635E+01
       102    0.25706E-01   -0.52754E+00   -0.32366E+00    0.77897E+00
       103   -0.20734E-06   -0.50000E+00   -0.65220E-07    0.50000E+00
       104   -0.25706E-01   -0.47246E+00    0.32366E+00    0.72526E+00
       105   -0.51413E-01   -0.44492E+00    0.64732E+00    0.11978E+01
       106   -0.77118E-01   -0.41738E+00    0.97098E+00    0.17252E+01
       107   -0.10282E+00   -0.38984E+00    0.12946E+01    0.22695E+01
       108   -0.12852E+00   -0.36232E+00    0.16183E+01    0.28210E+01
       109   -0.15419E+00   -0.33481E+00    0.19420E+01    0.33761E+01
       110   -0.17983E+00   -0.30732E+00    0.22657E+01    0.39333E+01
       111   -0.20538E+00   -0.27981E+00    0.25894E+01    0.44920E+01
       112   -0.23084E+00   -0.25206E+00    0.29132E+01    0.50516E+01
       113   -0.25629E+00   -0.22339E+00    0.32371E+01    0.56120E+01
       114   -0.28232E+00   -0.19191E+00    0.35610E+01    0.61728E+01
       115   -0.31108E+00   -0.15304E+00    0.38846E+01    0.67338E+01
       116   -0.34890E+00   -0.97268E-01    0.42074E+01    0.72942E+01
       117   -0.41192E+00   -0.88289E-02    0.45290E+01    0.78550E+01
       118   -0.53603E+00    0.12619E+00    0.48527E+01    0.84271E+01
       119   -0.78759E+00    0.27153E+00    0.52006E+01    0.90580E+01
       120   -0.12417E+01    0.15124E+00    0.56485E+01    0.98726E+01
       121   -0.17339E+01   -0.13681E+01    0.62856E+01    0.11001E+02
       122   -0.62213E+00   -0.58336E+01    0.60577E+01    0.11869E+02
       123   -0.75365E+00   -0.94164E+01    0.42411E+01    0.11666E+02
       124    0.28486E+01   -0.18650E+02   -0.69688E+01    0.23553E+02
       125    0.29980E+01   -0.65810E+01   -0.45997E+01    0.11640E+02
       126    0.57295E+01   -0.16697E+01   -0.41480E+01    0.98387E+01
       127    0.85977E+01   -0.55445E+00   -0.39085E+01    0.11172E+02
       128    0.11282E+02   -0.41421E+00   -0.37759E+01    0.13225E+02
       129    0.13738E+02   -0.46621E+00   -0.36224E+01    0.15321E+02
       130    0.15990E+02   -0.51533E+00   -0.34287E+01    0.17304E+02
       131    0.18062E+02   -0.53240E+00   -0.32071E+01    0.19157E+02
       132    0.19969E+02   -0.52598E+00   -0.29708E+01    0.20881E+02
       133    0.21719E+02   -0.50710E+00   -0.27280E+01    0.22479E+02
       134    0.23313E+02   -0.48266E+00   -0.24826E+01    0.23947E+02
       135    0.24752E+02   -0.45604E+00   -0.22364E+01    0.25282E+02
       136    0.26037E+02   -0.42869E+00   -0.19898E+01    0.26479E+02
       137    0.27168E+02   -0.40114E+00   -0.17433E+01    0.27537E+02
       138    0.28145E+02   -0.37357E+00   -0.14967E+01    0.28452E+02
       139    0.28968E+02   -0.34600E+00   -0.12502E+01    0.29222E+02
       140    0.29636E+02   -0.31844E+00   -0.10036E+01    0.29847E+02
       141    0.30150E+02   -0.29089E+00   -0.75706E+00    0.30325E+02
       142    0.30510E+02   -0.26335E+00   -0.51052E+00    0.30655E+02
       143    0.30716E+02   -0.23581E+00   -0.26398E+00    0.30838E+02
       144    0.30767E+02   -0.20826E+00   -0.17444E-01    0.30872E+02
       145    0.30664E+02   -0.18072E+00    0.22910E+00    0.30757E+02
       146    0.30407E+02   -0.15318E+00    0.47564E+00    0.30495E+02
       147    0.29996E+02   -0.12564E+00    0.72218E+00    0.30085E+02
       148    0.29430E+02   -0.98098E-01    0.96872E+00    0.29527E+02
       149    0.28710E+02   -0.70562E-01    0.12153E+01    0.28823E+02
       150    0.27836E+02   -0.43033E-01    0.14618E+01    0.27973E+02
       151    0.26808E+02   -0.15509E-01    0.17084E+01    0.26979E+02
       152    0.25626E+02    0.12029E-01    0.19551E+01    0.25842E+02
       153    0.24289E+02    0.39661E-01    0.22017E+01    0.24567E+02
       154    0.22798E+02    0.67646E-01    0.24481E+01    0.23156E+02
       155    0.21153E+02    0.96690E-01    0.26932E+01    0.21614E+02
       156    0.19354E+02    0.12845E+00    0.29341E+01    0.19948E+02
       157    0.17402E+02    0.16630E+00    0.31637E+01    0.18165E+02
       158    0.15297E+02    0.21552E+00    0.33664E+01    0.16271E+02
       159    0.13038E+02    0.27955E+00    0.35140E+01    0.14265E+02
       160    0.10604E+02    0.33971E+00    0.35734E+01    0.12135E+02
       161    0.79088E+01    0.26914E+00    0.35708E+01    0.99370E+01
       162    0.46870E+01   -0.61170E+00    0.38668E+01    0.83705E+01
       163    0.87466E+00   -0.76937E+01    0.58918E+01    0.13070E+02
       164   -0.46751E+00   -0.16931E+02    0.49626E+01    0.18784E+02
       165    0.87252E+01   -0.31275E+02   -0.87252E+01    0.39440E+02
       166    0.80028E+01   -0.13005E+02   -0.44487E+01    0.19915E+02
       167    0.11266E+02   -0.10195E+01   -0.16324E+01    0.12143E+02
       168    0.14885E+02    0.51394E+00   -0.14233E+01    0.14841E+02
       169    0.18697E+02    0.67597E+00   -0.14718E+01    0.18544E+02
       170    0.22520E+02    0.68378E+00   -0.14012E+01    0.22318E+02
       171    0.26218E+02    0.72372E+00   -0.12163E+01    0.25949E+02
       172    0.29713E+02    0.80148E+00   -0.97057E+00    0.29369E+02
       173    0.32970E+02    0.89792E+00   -0.70215E+00    0.32554E+02
       174    0.35975E+02    0.99859E+00   -0.43064E+00    0.35494E+02
       175    0.38722E+02    0.10959E+01   -0.16456E+00    0.38187E+02
       176    0.41209E+02    0.11865E+01    0.92852E-01    0.40629E+02
       177    0.43437E+02    0.12691E+01    0.34058E+00    0.42820E+02
       178    0.45405E+02    0.13433E+01    0.57838E+00    0.44759E+02
       179    0.47113E+02    0.14091E+01    0.80621E+00    0.46445E+02
       180    0.48561E+02    0.14663E+01    0.10241E+01    0.47878E+02
       181    0.49750E+02    0.15151E+01    0.12321E+01    0.49056E+02
       182    0.50679E+02    0.15553E+01    0.14302E+01    0.49981E+02
       183    0.51349E+02    0.15871E+01    0.16184E+01    0.50652E+02
       184    0.51759E+02    0.16104E+01    0.17967E+01    0.51068E+02
       185    0.51909E+02    0.16252E+01    0.19652E+01    0.51229E+02
       186    0.51800E+02    0.16316E+01    0.21237E+01    0.51136E+02
       187    0.51431E+02    0.16295E+01    0.22724E+01    0.50789E+02
       188    0.50803E+02    0.16189E+01    0.24111E+01    0.50187E+02
       189    0.49915E+02    0.15998E+01    0.25400E+01    0.49331E+02
       190    0.48767E+02    0.15723E+01    0.26590E+01    0.48221E+02
       191    0.47360E+02    0.15362E+01    0.27682E+01    0.46857E+02
       192    0.45693E+02    0.14917E+01    0.28674E+01    0.45239E+02
       193    0.43767E+02    0.14388E+01    0.29568E+01    0.43369E+02
       194    0.41580E+02    0.13773E+01    0.30363E+01    0.41246E+02
       195    0.39135E+02    0.13076E+01    0.31057E+01    0.38871E+02
       196    0.36430E+02    0.12299E+01    0.31641E+01    0.36248E+02
       197    0.33471E+02    0.11451E+01    0.32094E+01    0.33379E+02
       198    0.30265E+02    0.10554E+01    0.32356E+01    0.30275E+02
       199    0.26837E+02    0.96497E+00    0.32297E+01    0.26955E+02
       200    0.23237E+02    0.88013E+00    0.31662E+01    0.23460E+02
       201    0.19558E+02    0.80455E+00    0.30082E+01    0.19864E+02
       202    0.15909E+02    0.71016E+00    0.27457E+01    0.16276E+02
       203    0.12142E+02    0.37787E+00    0.26356E+01    0.12799E+02
       204    0.57849E+01   -0.19584E+01    0.49805E+01    0.11093E+02
       205   -0.35775E+00   -0.16135E+02    0.67602E+01    0.19794E+02
end 
