  697  1280    1    3    2    2
  1    2
  21000.0  0.30  1.00
      1        0.0000       10.0000    0.000
      2        2.5000       10.0000    0.000
      3        5.0000       10.0000    0.000
      4        7.5000       10.0000    0.000
      5       10.0000       10.0000    0.000
      6       12.5000       10.0000    0.000
      7       15.0000       10.0000    0.000
      8       17.5000       10.0000    0.000
      9       20.0000       10.0000    0.000
     10       22.5000       10.0000    0.000
     11       25.0000       10.0000    0.000
     12       27.5000       10.0000    0.000
     13       30.0000       10.0000    0.000
     14       32.5000       10.0000    0.000
     15       35.0000       10.0000    0.000
     16       37.5000       10.0000    0.000
     17       40.0000       10.0000    0.000
     18       42.5000       10.0000    0.000
     19       45.0000       10.0000    0.000
     20       47.5000       10.0000    0.000
     21       50.0000       10.0000    0.000
     22       52.5000       10.0000    0.000
     23       55.0000       10.0000    0.000
     24       57.5000       10.0000    0.000
     25       60.0000       10.0000    0.000
     26       62.5000       10.0000    0.000
     27       65.0000       10.0000    0.000
     28       67.5000       10.0000    0.000
     29       70.0000       10.0000    0.000
     30       72.5000       10.0000    0.000
     31       75.0000       10.0000    0.000
     32       77.5000       10.0000    0.000
     33       80.0000       10.0000    0.000
     34       82.5000       10.0000    0.000
     35       85.0000       10.0000    0.000
     36       87.5000       10.0000    0.000
     37       90.0000       10.0000    0.000
     38       92.5000       10.0000    0.000
     39       95.0000       10.0000    0.000
     40       97.5000       10.0000    0.000
     41      100.0000       10.0000    0.000
     42        0.0000        9.3750    0.000
     43        2.5000        9.3750    0.000
     44        5.0000        9.3750    0.000
     45        7.5000        9.3750    0.000
     46       10.0000        9.3750    0.000
     47       12.5000        9.3750    0.000
     48       15.0000        9.3750    0.000
     49       17.5000        9.3750    0.000
     50       20.0000        9.3750    0.000
     51       22.5000        9.3750    0.000
     52       25.0000        9.3750    0.000
     53       27.5000        9.3750    0.000
     54       30.0000        9.3750    0.000
     55       32.5000        9.3750    0.000
     56       35.0000        9.3750    0.000
     57       37.5000        9.3750    0.000
     58       40.0000        9.3750    0.000
     59       42.5000        9.3750    0.000
     60       45.0000        9.3750    0.000
     61       47.5000        9.3750    0.000
     62       50.0000        9.3750    0.000
     63       52.5000        9.3750    0.000
     64       55.0000        9.3750    0.000
     65       57.5000        9.3750    0.000
     66       60.0000        9.3750    0.000
     67       62.5000        9.3750    0.000
     68       65.0000        9.3750    0.000
     69       67.5000        9.3750    0.000
     70       70.0000        9.3750    0.000
     71       72.5000        9.3750    0.000
     72       75.0000        9.3750    0.000
     73       77.5000        9.3750    0.000
     74       80.0000        9.3750    0.000
     75       82.5000        9.3750    0.000
     76       85.0000        9.3750    0.000
     77       87.5000        9.3750    0.000
     78       90.0000        9.3750    0.000
     79       92.5000        9.3750    0.000
     80       95.0000        9.3750    0.000
     81       97.5000        9.3750    0.000
     82      100.0000        9.3750    0.000
     83        0.0000        8.7500    0.000
     84        2.5000        8.7500    0.000
     85        5.0000        8.7500    0.000
     86        7.5000        8.7500    0.000
     87       10.0000        8.7500    0.000
     88       12.5000        8.7500    0.000
     89       15.0000        8.7500    0.000
     90       17.5000        8.7500    0.000
     91       20.0000        8.7500    0.000
     92       22.5000        8.7500    0.000
     93       25.0000        8.7500    0.000
     94       27.5000        8.7500    0.000
     95       30.0000        8.7500    0.000
     96       32.5000        8.7500    0.000
     97       35.0000        8.7500    0.000
     98       37.5000        8.7500    0.000
     99       40.0000        8.7500    0.000
    100       42.5000        8.7500    0.000
    101       45.0000        8.7500    0.000
    102       47.5000        8.7500    0.000
    103       50.0000        8.7500    0.000
    104       52.5000        8.7500    0.000
    105       55.0000        8.7500    0.000
    106       57.5000        8.7500    0.000
    107       60.0000        8.7500    0.000
    108       62.5000        8.7500    0.000
    109       65.0000        8.7500    0.000
    110       67.5000        8.7500    0.000
    111       70.0000        8.7500    0.000
    112       72.5000        8.7500    0.000
    113       75.0000        8.7500    0.000
    114       77.5000        8.7500    0.000
    115       80.0000        8.7500    0.000
    116       82.5000        8.7500    0.000
    117       85.0000        8.7500    0.000
    118       87.5000        8.7500    0.000
    119       90.0000        8.7500    0.000
    120       92.5000        8.7500    0.000
    121       95.0000        8.7500    0.000
    122       97.5000        8.7500    0.000
    123      100.0000        8.7500    0.000
    124        0.0000        8.1250    0.000
    125        2.5000        8.1250    0.000
    126        5.0000        8.1250    0.000
    127        7.5000        8.1250    0.000
    128       10.0000        8.1250    0.000
    129       12.5000        8.1250    0.000
    130       15.0000        8.1250    0.000
    131       17.5000        8.1250    0.000
    132       20.0000        8.1250    0.000
    133       22.5000        8.1250    0.000
    134       25.0000        8.1250    0.000
    135       27.5000        8.1250    0.000
    136       30.0000        8.1250    0.000
    137       32.5000        8.1250    0.000
    138       35.0000        8.1250    0.000
    139       37.5000        8.1250    0.000
    140       40.0000        8.1250    0.000
    141       42.5000        8.1250    0.000
    142       45.0000        8.1250    0.000
    143       47.5000        8.1250    0.000
    144       50.0000        8.1250    0.000
    145       52.5000        8.1250    0.000
    146       55.0000        8.1250    0.000
    147       57.5000        8.1250    0.000
    148       60.0000        8.1250    0.000
    149       62.5000        8.1250    0.000
    150       65.0000        8.1250    0.000
    151       67.5000        8.1250    0.000
    152       70.0000        8.1250    0.000
    153       72.5000        8.1250    0.000
    154       75.0000        8.1250    0.000
    155       77.5000        8.1250    0.000
    156       80.0000        8.1250    0.000
    157       82.5000        8.1250    0.000
    158       85.0000        8.1250    0.000
    159       87.5000        8.1250    0.000
    160       90.0000        8.1250    0.000
    161       92.5000        8.1250    0.000
    162       95.0000        8.1250    0.000
    163       97.5000        8.1250    0.000
    164      100.0000        8.1250    0.000
    165        0.0000        7.5000    0.000
    166        2.5000        7.5000    0.000
    167        5.0000        7.5000    0.000
    168        7.5000        7.5000    0.000
    169       10.0000        7.5000    0.000
    170       12.5000        7.5000    0.000
    171       15.0000        7.5000    0.000
    172       17.5000        7.5000    0.000
    173       20.0000        7.5000    0.000
    174       22.5000        7.5000    0.000
    175       25.0000        7.5000    0.000
    176       27.5000        7.5000    0.000
    177       30.0000        7.5000    0.000
    178       32.5000        7.5000    0.000
    179       35.0000        7.5000    0.000
    180       37.5000        7.5000    0.000
    181       40.0000        7.5000    0.000
    182       42.5000        7.5000    0.000
    183       45.0000        7.5000    0.000
    184       47.5000        7.5000    0.000
    185       50.0000        7.5000    0.000
    186       52.5000        7.5000    0.000
    187       55.0000        7.5000    0.000
    188       57.5000        7.5000    0.000
    189       60.0000        7.5000    0.000
    190       62.5000        7.5000    0.000
    191       65.0000        7.5000    0.000
    192       67.5000        7.5000    0.000
    193       70.0000        7.5000    0.000
    194       72.5000        7.5000    0.000
    195       75.0000        7.5000    0.000
    196       77.5000        7.5000    0.000
    197       80.0000        7.5000    0.000
    198       82.5000        7.5000    0.000
    199       85.0000        7.5000    0.000
    200       87.5000        7.5000    0.000
    201       90.0000        7.5000    0.000
    202       92.5000        7.5000    0.000
    203       95.0000        7.5000    0.000
    204       97.5000        7.5000    0.000
    205      100.0000        7.5000    0.000
    206        0.0000        6.8750    0.000
    207        2.5000        6.8750    0.000
    208        5.0000        6.8750    0.000
    209        7.5000        6.8750    0.000
    210       10.0000        6.8750    0.000
    211       12.5000        6.8750    0.000
    212       15.0000        6.8750    0.000
    213       17.5000        6.8750    0.000
    214       20.0000        6.8750    0.000
    215       22.5000        6.8750    0.000
    216       25.0000        6.8750    0.000
    217       27.5000        6.8750    0.000
    218       30.0000        6.8750    0.000
    219       32.5000        6.8750    0.000
    220       35.0000        6.8750    0.000
    221       37.5000        6.8750    0.000
    222       40.0000        6.8750    0.000
    223       42.5000        6.8750    0.000
    224       45.0000        6.8750    0.000
    225       47.5000        6.8750    0.000
    226       50.0000        6.8750    0.000
    227       52.5000        6.8750    0.000
    228       55.0000        6.8750    0.000
    229       57.5000        6.8750    0.000
    230       60.0000        6.8750    0.000
    231       62.5000        6.8750    0.000
    232       65.0000        6.8750    0.000
    233       67.5000        6.8750    0.000
    234       70.0000        6.8750    0.000
    235       72.5000        6.8750    0.000
    236       75.0000        6.8750    0.000
    237       77.5000        6.8750    0.000
    238       80.0000        6.8750    0.000
    239       82.5000        6.8750    0.000
    240       85.0000        6.8750    0.000
    241       87.5000        6.8750    0.000
    242       90.0000        6.8750    0.000
    243       92.5000        6.8750    0.000
    244       95.0000        6.8750    0.000
    245       97.5000        6.8750    0.000
    246      100.0000        6.8750    0.000
    247        0.0000        6.2500    0.000
    248        2.5000        6.2500    0.000
    249        5.0000        6.2500    0.000
    250        7.5000        6.2500    0.000
    251       10.0000        6.2500    0.000
    252       12.5000        6.2500    0.000
    253       15.0000        6.2500    0.000
    254       17.5000        6.2500    0.000
    255       20.0000        6.2500    0.000
    256       22.5000        6.2500    0.000
    257       25.0000        6.2500    0.000
    258       27.5000        6.2500    0.000
    259       30.0000        6.2500    0.000
    260       32.5000        6.2500    0.000
    261       35.0000        6.2500    0.000
    262       37.5000        6.2500    0.000
    263       40.0000        6.2500    0.000
    264       42.5000        6.2500    0.000
    265       45.0000        6.2500    0.000
    266       47.5000        6.2500    0.000
    267       50.0000        6.2500    0.000
    268       52.5000        6.2500    0.000
    269       55.0000        6.2500    0.000
    270       57.5000        6.2500    0.000
    271       60.0000        6.2500    0.000
    272       62.5000        6.2500    0.000
    273       65.0000        6.2500    0.000
    274       67.5000        6.2500    0.000
    275       70.0000        6.2500    0.000
    276       72.5000        6.2500    0.000
    277       75.0000        6.2500    0.000
    278       77.5000        6.2500    0.000
    279       80.0000        6.2500    0.000
    280       82.5000        6.2500    0.000
    281       85.0000        6.2500    0.000
    282       87.5000        6.2500    0.000
    283       90.0000        6.2500    0.000
    284       92.5000        6.2500    0.000
    285       95.0000        6.2500    0.000
    286       97.5000        6.2500    0.000
    287      100.0000        6.2500    0.000
    288        0.0000        5.6250    0.000
    289        2.5000        5.6250    0.000
    290        5.0000        5.6250    0.000
    291        7.5000        5.6250    0.000
    292       10.0000        5.6250    0.000
    293       12.5000        5.6250    0.000
    294       15.0000        5.6250    0.000
    295       17.5000        5.6250    0.000
    296       20.0000        5.6250    0.000
    297       22.5000        5.6250    0.000
    298       25.0000        5.6250    0.000
    299       27.5000        5.6250    0.000
    300       30.0000        5.6250    0.000
    301       32.5000        5.6250    0.000
    302       35.0000        5.6250    0.000
    303       37.5000        5.6250    0.000
    304       40.0000        5.6250    0.000
    305       42.5000        5.6250    0.000
    306       45.0000        5.6250    0.000
    307       47.5000        5.6250    0.000
    308       50.0000        5.6250    0.000
    309       52.5000        5.6250    0.000
    310       55.0000        5.6250    0.000
    311       57.5000        5.6250    0.000
    312       60.0000        5.6250    0.000
    313       62.5000        5.6250    0.000
    314       65.0000        5.6250    0.000
    315       67.5000        5.6250    0.000
    316       70.0000        5.6250    0.000
    317       72.5000        5.6250    0.000
    318       75.0000        5.6250    0.000
    319       77.5000        5.6250    0.000
    320       80.0000        5.6250    0.000
    321       82.5000        5.6250    0.000
    322       85.0000        5.6250    0.000
    323       87.5000        5.6250    0.000
    324       90.0000        5.6250    0.000
    325       92.5000        5.6250    0.000
    326       95.0000        5.6250    0.000
    327       97.5000        5.6250    0.000
    328      100.0000        5.6250    0.000
    329        0.0000        5.0000    0.000
    330        2.5000        5.0000    0.000
    331        5.0000        5.0000    0.000
    332        7.5000        5.0000    0.000
    333       10.0000        5.0000    0.000
    334       12.5000        5.0000    0.000
    335       15.0000        5.0000    0.000
    336       17.5000        5.0000    0.000
    337       20.0000        5.0000    0.000
    338       22.5000        5.0000    0.000
    339       25.0000        5.0000    0.000
    340       27.5000        5.0000    0.000
    341       30.0000        5.0000    0.000
    342       32.5000        5.0000    0.000
    343       35.0000        5.0000    0.000
    344       37.5000        5.0000    0.000
    345       40.0000        5.0000    0.000
    346       42.5000        5.0000    0.000
    347       45.0000        5.0000    0.000
    348       47.5000        5.0000    0.000
    349       50.0000        5.0000    0.000
    350       52.5000        5.0000    0.000
    351       55.0000        5.0000    0.000
    352       57.5000        5.0000    0.000
    353       60.0000        5.0000    0.000
    354       62.5000        5.0000    0.000
    355       65.0000        5.0000    0.000
    356       67.5000        5.0000    0.000
    357       70.0000        5.0000    0.000
    358       72.5000        5.0000    0.000
    359       75.0000        5.0000    0.000
    360       77.5000        5.0000    0.000
    361       80.0000        5.0000    0.000
    362       82.5000        5.0000    0.000
    363       85.0000        5.0000    0.000
    364       87.5000        5.0000    0.000
    365       90.0000        5.0000    0.000
    366       92.5000        5.0000    0.000
    367       95.0000        5.0000    0.000
    368       97.5000        5.0000    0.000
    369      100.0000        5.0000    0.000
    370        0.0000        4.3750    0.000
    371        2.5000        4.3750    0.000
    372        5.0000        4.3750    0.000
    373        7.5000        4.3750    0.000
    374       10.0000        4.3750    0.000
    375       12.5000        4.3750    0.000
    376       15.0000        4.3750    0.000
    377       17.5000        4.3750    0.000
    378       20.0000        4.3750    0.000
    379       22.5000        4.3750    0.000
    380       25.0000        4.3750    0.000
    381       27.5000        4.3750    0.000
    382       30.0000        4.3750    0.000
    383       32.5000        4.3750    0.000
    384       35.0000        4.3750    0.000
    385       37.5000        4.3750    0.000
    386       40.0000        4.3750    0.000
    387       42.5000        4.3750    0.000
    388       45.0000        4.3750    0.000
    389       47.5000        4.3750    0.000
    390       50.0000        4.3750    0.000
    391       52.5000        4.3750    0.000
    392       55.0000        4.3750    0.000
    393       57.5000        4.3750    0.000
    394       60.0000        4.3750    0.000
    395       62.5000        4.3750    0.000
    396       65.0000        4.3750    0.000
    397       67.5000        4.3750    0.000
    398       70.0000        4.3750    0.000
    399       72.5000        4.3750    0.000
    400       75.0000        4.3750    0.000
    401       77.5000        4.3750    0.000
    402       80.0000        4.3750    0.000
    403       82.5000        4.3750    0.000
    404       85.0000        4.3750    0.000
    405       87.5000        4.3750    0.000
    406       90.0000        4.3750    0.000
    407       92.5000        4.3750    0.000
    408       95.0000        4.3750    0.000
    409       97.5000        4.3750    0.000
    410      100.0000        4.3750    0.000
    411        0.0000        3.7500    0.000
    412        2.5000        3.7500    0.000
    413        5.0000        3.7500    0.000
    414        7.5000        3.7500    0.000
    415       10.0000        3.7500    0.000
    416       12.5000        3.7500    0.000
    417       15.0000        3.7500    0.000
    418       17.5000        3.7500    0.000
    419       20.0000        3.7500    0.000
    420       22.5000        3.7500    0.000
    421       25.0000        3.7500    0.000
    422       27.5000        3.7500    0.000
    423       30.0000        3.7500    0.000
    424       32.5000        3.7500    0.000
    425       35.0000        3.7500    0.000
    426       37.5000        3.7500    0.000
    427       40.0000        3.7500    0.000
    428       42.5000        3.7500    0.000
    429       45.0000        3.7500    0.000
    430       47.5000        3.7500    0.000
    431       50.0000        3.7500    0.000
    432       52.5000        3.7500    0.000
    433       55.0000        3.7500    0.000
    434       57.5000        3.7500    0.000
    435       60.0000        3.7500    0.000
    436       62.5000        3.7500    0.000
    437       65.0000        3.7500    0.000
    438       67.5000        3.7500    0.000
    439       70.0000        3.7500    0.000
    440       72.5000        3.7500    0.000
    441       75.0000        3.7500    0.000
    442       77.5000        3.7500    0.000
    443       80.0000        3.7500    0.000
    444       82.5000        3.7500    0.000
    445       85.0000        3.7500    0.000
    446       87.5000        3.7500    0.000
    447       90.0000        3.7500    0.000
    448       92.5000        3.7500    0.000
    449       95.0000        3.7500    0.000
    450       97.5000        3.7500    0.000
    451      100.0000        3.7500    0.000
    452        0.0000        3.1250    0.000
    453        2.5000        3.1250    0.000
    454        5.0000        3.1250    0.000
    455        7.5000        3.1250    0.000
    456       10.0000        3.1250    0.000
    457       12.5000        3.1250    0.000
    458       15.0000        3.1250    0.000
    459       17.5000        3.1250    0.000
    460       20.0000        3.1250    0.000
    461       22.5000        3.1250    0.000
    462       25.0000        3.1250    0.000
    463       27.5000        3.1250    0.000
    464       30.0000        3.1250    0.000
    465       32.5000        3.1250    0.000
    466       35.0000        3.1250    0.000
    467       37.5000        3.1250    0.000
    468       40.0000        3.1250    0.000
    469       42.5000        3.1250    0.000
    470       45.0000        3.1250    0.000
    471       47.5000        3.1250    0.000
    472       50.0000        3.1250    0.000
    473       52.5000        3.1250    0.000
    474       55.0000        3.1250    0.000
    475       57.5000        3.1250    0.000
    476       60.0000        3.1250    0.000
    477       62.5000        3.1250    0.000
    478       65.0000        3.1250    0.000
    479       67.5000        3.1250    0.000
    480       70.0000        3.1250    0.000
    481       72.5000        3.1250    0.000
    482       75.0000        3.1250    0.000
    483       77.5000        3.1250    0.000
    484       80.0000        3.1250    0.000
    485       82.5000        3.1250    0.000
    486       85.0000        3.1250    0.000
    487       87.5000        3.1250    0.000
    488       90.0000        3.1250    0.000
    489       92.5000        3.1250    0.000
    490       95.0000        3.1250    0.000
    491       97.5000        3.1250    0.000
    492      100.0000        3.1250    0.000
    493        0.0000        2.5000    0.000
    494        2.5000        2.5000    0.000
    495        5.0000        2.5000    0.000
    496        7.5000        2.5000    0.000
    497       10.0000        2.5000    0.000
    498       12.5000        2.5000    0.000
    499       15.0000        2.5000    0.000
    500       17.5000        2.5000    0.000
    501       20.0000        2.5000    0.000
    502       22.5000        2.5000    0.000
    503       25.0000        2.5000    0.000
    504       27.5000        2.5000    0.000
    505       30.0000        2.5000    0.000
    506       32.5000        2.5000    0.000
    507       35.0000        2.5000    0.000
    508       37.5000        2.5000    0.000
    509       40.0000        2.5000    0.000
    510       42.5000        2.5000    0.000
    511       45.0000        2.5000    0.000
    512       47.5000        2.5000    0.000
    513       50.0000        2.5000    0.000
    514       52.5000        2.5000    0.000
    515       55.0000        2.5000    0.000
    516       57.5000        2.5000    0.000
    517       60.0000        2.5000    0.000
    518       62.5000        2.5000    0.000
    519       65.0000        2.5000    0.000
    520       67.5000        2.5000    0.000
    521       70.0000        2.5000    0.000
    522       72.5000        2.5000    0.000
    523       75.0000        2.5000    0.000
    524       77.5000        2.5000    0.000
    525       80.0000        2.5000    0.000
    526       82.5000        2.5000    0.000
    527       85.0000        2.5000    0.000
    528       87.5000        2.5000    0.000
    529       90.0000        2.5000    0.000
    530       92.5000        2.5000    0.000
    531       95.0000        2.5000    0.000
    532       97.5000        2.5000    0.000
    533      100.0000        2.5000    0.000
    534        0.0000        1.8750    0.000
    535        2.5000        1.8750    0.000
    536        5.0000        1.8750    0.000
    537        7.5000        1.8750    0.000
    538       10.0000        1.8750    0.000
    539       12.5000        1.8750    0.000
    540       15.0000        1.8750    0.000
    541       17.5000        1.8750    0.000
    542       20.0000        1.8750    0.000
    543       22.5000        1.8750    0.000
    544       25.0000        1.8750    0.000
    545       27.5000        1.8750    0.000
    546       30.0000        1.8750    0.000
    547       32.5000        1.8750    0.000
    548       35.0000        1.8750    0.000
    549       37.5000        1.8750    0.000
    550       40.0000        1.8750    0.000
    551       42.5000        1.8750    0.000
    552       45.0000        1.8750    0.000
    553       47.5000        1.8750    0.000
    554       50.0000        1.8750    0.000
    555       52.5000        1.8750    0.000
    556       55.0000        1.8750    0.000
    557       57.5000        1.8750    0.000
    558       60.0000        1.8750    0.000
    559       62.5000        1.8750    0.000
    560       65.0000        1.8750    0.000
    561       67.5000        1.8750    0.000
    562       70.0000        1.8750    0.000
    563       72.5000        1.8750    0.000
    564       75.0000        1.8750    0.000
    565       77.5000        1.8750    0.000
    566       80.0000        1.8750    0.000
    567       82.5000        1.8750    0.000
    568       85.0000        1.8750    0.000
    569       87.5000        1.8750    0.000
    570       90.0000        1.8750    0.000
    571       92.5000        1.8750    0.000
    572       95.0000        1.8750    0.000
    573       97.5000        1.8750    0.000
    574      100.0000        1.8750    0.000
    575        0.0000        1.2500    0.000
    576        2.5000        1.2500    0.000
    577        5.0000        1.2500    0.000
    578        7.5000        1.2500    0.000
    579       10.0000        1.2500    0.000
    580       12.5000        1.2500    0.000
    581       15.0000        1.2500    0.000
    582       17.5000        1.2500    0.000
    583       20.0000        1.2500    0.000
    584       22.5000        1.2500    0.000
    585       25.0000        1.2500    0.000
    586       27.5000        1.2500    0.000
    587       30.0000        1.2500    0.000
    588       32.5000        1.2500    0.000
    589       35.0000        1.2500    0.000
    590       37.5000        1.2500    0.000
    591       40.0000        1.2500    0.000
    592       42.5000        1.2500    0.000
    593       45.0000        1.2500    0.000
    594       47.5000        1.2500    0.000
    595       50.0000        1.2500    0.000
    596       52.5000        1.2500    0.000
    597       55.0000        1.2500    0.000
    598       57.5000        1.2500    0.000
    599       60.0000        1.2500    0.000
    600       62.5000        1.2500    0.000
    601       65.0000        1.2500    0.000
    602       67.5000        1.2500    0.000
    603       70.0000        1.2500    0.000
    604       72.5000        1.2500    0.000
    605       75.0000        1.2500    0.000
    606       77.5000        1.2500    0.000
    607       80.0000        1.2500    0.000
    608       82.5000        1.2500    0.000
    609       85.0000        1.2500    0.000
    610       87.5000        1.2500    0.000
    611       90.0000        1.2500    0.000
    612       92.5000        1.2500    0.000
    613       95.0000        1.2500    0.000
    614       97.5000        1.2500    0.000
    615      100.0000        1.2500    0.000
    616        0.0000        0.6250    0.000
    617        2.5000        0.6250    0.000
    618        5.0000        0.6250    0.000
    619        7.5000        0.6250    0.000
    620       10.0000        0.6250    0.000
    621       12.5000        0.6250    0.000
    622       15.0000        0.6250    0.000
    623       17.5000        0.6250    0.000
    624       20.0000        0.6250    0.000
    625       22.5000        0.6250    0.000
    626       25.0000        0.6250    0.000
    627       27.5000        0.6250    0.000
    628       30.0000        0.6250    0.000
    629       32.5000        0.6250    0.000
    630       35.0000        0.6250    0.000
    631       37.5000        0.6250    0.000
    632       40.0000        0.6250    0.000
    633       42.5000        0.6250    0.000
    634       45.0000        0.6250    0.000
    635       47.5000        0.6250    0.000
    636       50.0000        0.6250    0.000
    637       52.5000        0.6250    0.000
    638       55.0000        0.6250    0.000
    639       57.5000        0.6250    0.000
    640       60.0000        0.6250    0.000
    641       62.5000        0.6250    0.000
    642       65.0000        0.6250    0.000
    643       67.5000        0.6250    0.000
    644       70.0000        0.6250    0.000
    645       72.5000        0.6250    0.000
    646       75.0000        0.6250    0.000
    647       77.5000        0.6250    0.000
    648       80.0000        0.6250    0.000
    649       82.5000        0.6250    0.000
    650       85.0000        0.6250    0.000
    651       87.5000        0.6250    0.000
    652       90.0000        0.6250    0.000
    653       92.5000        0.6250    0.000
    654       95.0000        0.6250    0.000
    655       97.5000        0.6250    0.000
    656      100.0000        0.6250    0.000
    657        0.0000        0.0000    0.000
    658        2.5000        0.0000    0.000
    659        5.0000        0.0000    0.000
    660        7.5000        0.0000    0.000
    661       10.0000        0.0000    0.000
    662       12.5000        0.0000    0.000
    663       15.0000        0.0000    0.000
    664       17.5000        0.0000    0.000
    665       20.0000        0.0000    0.000
    666       22.5000        0.0000    0.000
    667       25.0000        0.0000    0.000
    668       27.5000        0.0000    0.000
    669       30.0000        0.0000    0.000
    670       32.5000        0.0000    0.000
    671       35.0000        0.0000    0.000
    672       37.5000        0.0000    0.000
    673       40.0000        0.0000    0.000
    674       42.5000        0.0000    0.000
    675       45.0000        0.0000    0.000
    676       47.5000        0.0000    0.000
    677       50.0000        0.0000    0.000
    678       52.5000        0.0000    0.000
    679       55.0000        0.0000    0.000
    680       57.5000        0.0000    0.000
    681       60.0000        0.0000    0.000
    682       62.5000        0.0000    0.000
    683       65.0000        0.0000    0.000
    684       67.5000        0.0000    0.000
    685       70.0000        0.0000    0.000
    686       72.5000        0.0000    0.000
    687       75.0000        0.0000    0.000
    688       77.5000        0.0000    0.000
    689       80.0000        0.0000    0.000
    690       82.5000        0.0000    0.000
    691       85.0000        0.0000    0.000
    692       87.5000        0.0000    0.000
    693       90.0000        0.0000    0.000
    694       92.5000        0.0000    0.000
    695       95.0000        0.0000    0.000
    696       97.5000        0.0000    0.000
    697      100.0000        0.0000    0.000
      1      1     42     43    1
      2      1     43      2    1
      3      2     43     44    1
      4      2     44      3    1
      5      3     44     45    1
      6      3     45      4    1
      7      4     45     46    1
      8      4     46      5    1
      9      5     46     47    1
     10      5     47      6    1
     11      6     47     48    1
     12      6     48      7    1
     13      7     48     49    1
     14      7     49      8    1
     15      8     49     50    1
     16      8     50      9    1
     17      9     50     51    1
     18      9     51     10    1
     19     10     51     52    1
     20     10     52     11    1
     21     11     52     53    1
     22     11     53     12    1
     23     12     53     54    1
     24     12     54     13    1
     25     13     54     55    1
     26     13     55     14    1
     27     14     55     56    1
     28     14     56     15    1
     29     15     56     57    1
     30     15     57     16    1
     31     16     57     58    1
     32     16     58     17    1
     33     17     58     59    1
     34     17     59     18    1
     35     18     59     60    1
     36     18     60     19    1
     37     19     60     61    1
     38     19     61     20    1
     39     20     61     62    1
     40     20     62     21    1
     41     21     62     63    1
     42     21     63     22    1
     43     22     63     64    1
     44     22     64     23    1
     45     23     64     65    1
     46     23     65     24    1
     47     24     65     66    1
     48     24     66     25    1
     49     25     66     67    1
     50     25     67     26    1
     51     26     67     68    1
     52     26     68     27    1
     53     27     68     69    1
     54     27     69     28    1
     55     28     69     70    1
     56     28     70     29    1
     57     29     70     71    1
     58     29     71     30    1
     59     30     71     72    1
     60     30     72     31    1
     61     31     72     73    1
     62     31     73     32    1
     63     32     73     74    1
     64     32     74     33    1
     65     33     74     75    1
     66     33     75     34    1
     67     34     75     76    1
     68     34     76     35    1
     69     35     76     77    1
     70     35     77     36    1
     71     36     77     78    1
     72     36     78     37    1
     73     37     78     79    1
     74     37     79     38    1
     75     38     79     80    1
     76     38     80     39    1
     77     39     80     81    1
     78     39     81     40    1
     79     40     81     82    1
     80     40     82     41    1
     81     42     83     84    1
     82     42     84     43    1
     83     43     84     85    1
     84     43     85     44    1
     85     44     85     86    1
     86     44     86     45    1
     87     45     86     87    1
     88     45     87     46    1
     89     46     87     88    1
     90     46     88     47    1
     91     47     88     89    1
     92     47     89     48    1
     93     48     89     90    1
     94     48     90     49    1
     95     49     90     91    1
     96     49     91     50    1
     97     50     91     92    1
     98     50     92     51    1
     99     51     92     93    1
    100     51     93     52    1
    101     52     93     94    1
    102     52     94     53    1
    103     53     94     95    1
    104     53     95     54    1
    105     54     95     96    1
    106     54     96     55    1
    107     55     96     97    1
    108     55     97     56    1
    109     56     97     98    1
    110     56     98     57    1
    111     57     98     99    1
    112     57     99     58    1
    113     58     99    100    1
    114     58    100     59    1
    115     59    100    101    1
    116     59    101     60    1
    117     60    101    102    1
    118     60    102     61    1
    119     61    102    103    1
    120     61    103     62    1
    121     62    103    104    1
    122     62    104     63    1
    123     63    104    105    1
    124     63    105     64    1
    125     64    105    106    1
    126     64    106     65    1
    127     65    106    107    1
    128     65    107     66    1
    129     66    107    108    1
    130     66    108     67    1
    131     67    108    109    1
    132     67    109     68    1
    133     68    109    110    1
    134     68    110     69    1
    135     69    110    111    1
    136     69    111     70    1
    137     70    111    112    1
    138     70    112     71    1
    139     71    112    113    1
    140     71    113     72    1
    141     72    113    114    1
    142     72    114     73    1
    143     73    114    115    1
    144     73    115     74    1
    145     74    115    116    1
    146     74    116     75    1
    147     75    116    117    1
    148     75    117     76    1
    149     76    117    118    1
    150     76    118     77    1
    151     77    118    119    1
    152     77    119     78    1
    153     78    119    120    1
    154     78    120     79    1
    155     79    120    121    1
    156     79    121     80    1
    157     80    121    122    1
    158     80    122     81    1
    159     81    122    123    1
    160     81    123     82    1
    161     83    124    125    1
    162     83    125     84    1
    163     84    125    126    1
    164     84    126     85    1
    165     85    126    127    1
    166     85    127     86    1
    167     86    127    128    1
    168     86    128     87    1
    169     87    128    129    1
    170     87    129     88    1
    171     88    129    130    1
    172     88    130     89    1
    173     89    130    131    1
    174     89    131     90    1
    175     90    131    132    1
    176     90    132     91    1
    177     91    132    133    1
    178     91    133     92    1
    179     92    133    134    1
    180     92    134     93    1
    181     93    134    135    1
    182     93    135     94    1
    183     94    135    136    1
    184     94    136     95    1
    185     95    136    137    1
    186     95    137     96    1
    187     96    137    138    1
    188     96    138     97    1
    189     97    138    139    1
    190     97    139     98    1
    191     98    139    140    1
    192     98    140     99    1
    193     99    140    141    1
    194     99    141    100    1
    195    100    141    142    1
    196    100    142    101    1
    197    101    142    143    1
    198    101    143    102    1
    199    102    143    144    1
    200    102    144    103    1
    201    103    144    145    1
    202    103    145    104    1
    203    104    145    146    1
    204    104    146    105    1
    205    105    146    147    1
    206    105    147    106    1
    207    106    147    148    1
    208    106    148    107    1
    209    107    148    149    1
    210    107    149    108    1
    211    108    149    150    1
    212    108    150    109    1
    213    109    150    151    1
    214    109    151    110    1
    215    110    151    152    1
    216    110    152    111    1
    217    111    152    153    1
    218    111    153    112    1
    219    112    153    154    1
    220    112    154    113    1
    221    113    154    155    1
    222    113    155    114    1
    223    114    155    156    1
    224    114    156    115    1
    225    115    156    157    1
    226    115    157    116    1
    227    116    157    158    1
    228    116    158    117    1
    229    117    158    159    1
    230    117    159    118    1
    231    118    159    160    1
    232    118    160    119    1
    233    119    160    161    1
    234    119    161    120    1
    235    120    161    162    1
    236    120    162    121    1
    237    121    162    163    1
    238    121    163    122    1
    239    122    163    164    1
    240    122    164    123    1
    241    124    165    166    1
    242    124    166    125    1
    243    125    166    167    1
    244    125    167    126    1
    245    126    167    168    1
    246    126    168    127    1
    247    127    168    169    1
    248    127    169    128    1
    249    128    169    170    1
    250    128    170    129    1
    251    129    170    171    1
    252    129    171    130    1
    253    130    171    172    1
    254    130    172    131    1
    255    131    172    173    1
    256    131    173    132    1
    257    132    173    174    1
    258    132    174    133    1
    259    133    174    175    1
    260    133    175    134    1
    261    134    175    176    1
    262    134    176    135    1
    263    135    176    177    1
    264    135    177    136    1
    265    136    177    178    1
    266    136    178    137    1
    267    137    178    179    1
    268    137    179    138    1
    269    138    179    180    1
    270    138    180    139    1
    271    139    180    181    1
    272    139    181    140    1
    273    140    181    182    1
    274    140    182    141    1
    275    141    182    183    1
    276    141    183    142    1
    277    142    183    184    1
    278    142    184    143    1
    279    143    184    185    1
    280    143    185    144    1
    281    144    185    186    1
    282    144    186    145    1
    283    145    186    187    1
    284    145    187    146    1
    285    146    187    188    1
    286    146    188    147    1
    287    147    188    189    1
    288    147    189    148    1
    289    148    189    190    1
    290    148    190    149    1
    291    149    190    191    1
    292    149    191    150    1
    293    150    191    192    1
    294    150    192    151    1
    295    151    192    193    1
    296    151    193    152    1
    297    152    193    194    1
    298    152    194    153    1
    299    153    194    195    1
    300    153    195    154    1
    301    154    195    196    1
    302    154    196    155    1
    303    155    196    197    1
    304    155    197    156    1
    305    156    197    198    1
    306    156    198    157    1
    307    157    198    199    1
    308    157    199    158    1
    309    158    199    200    1
    310    158    200    159    1
    311    159    200    201    1
    312    159    201    160    1
    313    160    201    202    1
    314    160    202    161    1
    315    161    202    203    1
    316    161    203    162    1
    317    162    203    204    1
    318    162    204    163    1
    319    163    204    205    1
    320    163    205    164    1
    321    165    206    207    1
    322    165    207    166    1
    323    166    207    208    1
    324    166    208    167    1
    325    167    208    209    1
    326    167    209    168    1
    327    168    209    210    1
    328    168    210    169    1
    329    169    210    211    1
    330    169    211    170    1
    331    170    211    212    1
    332    170    212    171    1
    333    171    212    213    1
    334    171    213    172    1
    335    172    213    214    1
    336    172    214    173    1
    337    173    214    215    1
    338    173    215    174    1
    339    174    215    216    1
    340    174    216    175    1
    341    175    216    217    1
    342    175    217    176    1
    343    176    217    218    1
    344    176    218    177    1
    345    177    218    219    1
    346    177    219    178    1
    347    178    219    220    1
    348    178    220    179    1
    349    179    220    221    1
    350    179    221    180    1
    351    180    221    222    1
    352    180    222    181    1
    353    181    222    223    1
    354    181    223    182    1
    355    182    223    224    1
    356    182    224    183    1
    357    183    224    225    1
    358    183    225    184    1
    359    184    225    226    1
    360    184    226    185    1
    361    185    226    227    1
    362    185    227    186    1
    363    186    227    228    1
    364    186    228    187    1
    365    187    228    229    1
    366    187    229    188    1
    367    188    229    230    1
    368    188    230    189    1
    369    189    230    231    1
    370    189    231    190    1
    371    190    231    232    1
    372    190    232    191    1
    373    191    232    233    1
    374    191    233    192    1
    375    192    233    234    1
    376    192    234    193    1
    377    193    234    235    1
    378    193    235    194    1
    379    194    235    236    1
    380    194    236    195    1
    381    195    236    237    1
    382    195    237    196    1
    383    196    237    238    1
    384    196    238    197    1
    385    197    238    239    1
    386    197    239    198    1
    387    198    239    240    1
    388    198    240    199    1
    389    199    240    241    1
    390    199    241    200    1
    391    200    241    242    1
    392    200    242    201    1
    393    201    242    243    1
    394    201    243    202    1
    395    202    243    244    1
    396    202    244    203    1
    397    203    244    245    1
    398    203    245    204    1
    399    204    245    246    1
    400    204    246    205    1
    401    206    247    248    1
    402    206    248    207    1
    403    207    248    249    1
    404    207    249    208    1
    405    208    249    250    1
    406    208    250    209    1
    407    209    250    251    1
    408    209    251    210    1
    409    210    251    252    1
    410    210    252    211    1
    411    211    252    253    1
    412    211    253    212    1
    413    212    253    254    1
    414    212    254    213    1
    415    213    254    255    1
    416    213    255    214    1
    417    214    255    256    1
    418    214    256    215    1
    419    215    256    257    1
    420    215    257    216    1
    421    216    257    258    1
    422    216    258    217    1
    423    217    258    259    1
    424    217    259    218    1
    425    218    259    260    1
    426    218    260    219    1
    427    219    260    261    1
    428    219    261    220    1
    429    220    261    262    1
    430    220    262    221    1
    431    221    262    263    1
    432    221    263    222    1
    433    222    263    264    1
    434    222    264    223    1
    435    223    264    265    1
    436    223    265    224    1
    437    224    265    266    1
    438    224    266    225    1
    439    225    266    267    1
    440    225    267    226    1
    441    226    267    268    1
    442    226    268    227    1
    443    227    268    269    1
    444    227    269    228    1
    445    228    269    270    1
    446    228    270    229    1
    447    229    270    271    1
    448    229    271    230    1
    449    230    271    272    1
    450    230    272    231    1
    451    231    272    273    1
    452    231    273    232    1
    453    232    273    274    1
    454    232    274    233    1
    455    233    274    275    1
    456    233    275    234    1
    457    234    275    276    1
    458    234    276    235    1
    459    235    276    277    1
    460    235    277    236    1
    461    236    277    278    1
    462    236    278    237    1
    463    237    278    279    1
    464    237    279    238    1
    465    238    279    280    1
    466    238    280    239    1
    467    239    280    281    1
    468    239    281    240    1
    469    240    281    282    1
    470    240    282    241    1
    471    241    282    283    1
    472    241    283    242    1
    473    242    283    284    1
    474    242    284    243    1
    475    243    284    285    1
    476    243    285    244    1
    477    244    285    286    1
    478    244    286    245    1
    479    245    286    287    1
    480    245    287    246    1
    481    247    288    289    1
    482    247    289    248    1
    483    248    289    290    1
    484    248    290    249    1
    485    249    290    291    1
    486    249    291    250    1
    487    250    291    292    1
    488    250    292    251    1
    489    251    292    293    1
    490    251    293    252    1
    491    252    293    294    1
    492    252    294    253    1
    493    253    294    295    1
    494    253    295    254    1
    495    254    295    296    1
    496    254    296    255    1
    497    255    296    297    1
    498    255    297    256    1
    499    256    297    298    1
    500    256    298    257    1
    501    257    298    299    1
    502    257    299    258    1
    503    258    299    300    1
    504    258    300    259    1
    505    259    300    301    1
    506    259    301    260    1
    507    260    301    302    1
    508    260    302    261    1
    509    261    302    303    1
    510    261    303    262    1
    511    262    303    304    1
    512    262    304    263    1
    513    263    304    305    1
    514    263    305    264    1
    515    264    305    306    1
    516    264    306    265    1
    517    265    306    307    1
    518    265    307    266    1
    519    266    307    308    1
    520    266    308    267    1
    521    267    308    309    1
    522    267    309    268    1
    523    268    309    310    1
    524    268    310    269    1
    525    269    310    311    1
    526    269    311    270    1
    527    270    311    312    1
    528    270    312    271    1
    529    271    312    313    1
    530    271    313    272    1
    531    272    313    314    1
    532    272    314    273    1
    533    273    314    315    1
    534    273    315    274    1
    535    274    315    316    1
    536    274    316    275    1
    537    275    316    317    1
    538    275    317    276    1
    539    276    317    318    1
    540    276    318    277    1
    541    277    318    319    1
    542    277    319    278    1
    543    278    319    320    1
    544    278    320    279    1
    545    279    320    321    1
    546    279    321    280    1
    547    280    321    322    1
    548    280    322    281    1
    549    281    322    323    1
    550    281    323    282    1
    551    282    323    324    1
    552    282    324    283    1
    553    283    324    325    1
    554    283    325    284    1
    555    284    325    326    1
    556    284    326    285    1
    557    285    326    327    1
    558    285    327    286    1
    559    286    327    328    1
    560    286    328    287    1
    561    288    329    330    1
    562    288    330    289    1
    563    289    330    331    1
    564    289    331    290    1
    565    290    331    332    1
    566    290    332    291    1
    567    291    332    333    1
    568    291    333    292    1
    569    292    333    334    1
    570    292    334    293    1
    571    293    334    335    1
    572    293    335    294    1
    573    294    335    336    1
    574    294    336    295    1
    575    295    336    337    1
    576    295    337    296    1
    577    296    337    338    1
    578    296    338    297    1
    579    297    338    339    1
    580    297    339    298    1
    581    298    339    340    1
    582    298    340    299    1
    583    299    340    341    1
    584    299    341    300    1
    585    300    341    342    1
    586    300    342    301    1
    587    301    342    343    1
    588    301    343    302    1
    589    302    343    344    1
    590    302    344    303    1
    591    303    344    345    1
    592    303    345    304    1
    593    304    345    346    1
    594    304    346    305    1
    595    305    346    347    1
    596    305    347    306    1
    597    306    347    348    1
    598    306    348    307    1
    599    307    348    349    1
    600    307    349    308    1
    601    308    349    350    1
    602    308    350    309    1
    603    309    350    351    1
    604    309    351    310    1
    605    310    351    352    1
    606    310    352    311    1
    607    311    352    353    1
    608    311    353    312    1
    609    312    353    354    1
    610    312    354    313    1
    611    313    354    355    1
    612    313    355    314    1
    613    314    355    356    1
    614    314    356    315    1
    615    315    356    357    1
    616    315    357    316    1
    617    316    357    358    1
    618    316    358    317    1
    619    317    358    359    1
    620    317    359    318    1
    621    318    359    360    1
    622    318    360    319    1
    623    319    360    361    1
    624    319    361    320    1
    625    320    361    362    1
    626    320    362    321    1
    627    321    362    363    1
    628    321    363    322    1
    629    322    363    364    1
    630    322    364    323    1
    631    323    364    365    1
    632    323    365    324    1
    633    324    365    366    1
    634    324    366    325    1
    635    325    366    367    1
    636    325    367    326    1
    637    326    367    368    1
    638    326    368    327    1
    639    327    368    369    1
    640    327    369    328    1
    641    329    370    371    1
    642    329    371    330    1
    643    330    371    372    1
    644    330    372    331    1
    645    331    372    373    1
    646    331    373    332    1
    647    332    373    374    1
    648    332    374    333    1
    649    333    374    375    1
    650    333    375    334    1
    651    334    375    376    1
    652    334    376    335    1
    653    335    376    377    1
    654    335    377    336    1
    655    336    377    378    1
    656    336    378    337    1
    657    337    378    379    1
    658    337    379    338    1
    659    338    379    380    1
    660    338    380    339    1
    661    339    380    381    1
    662    339    381    340    1
    663    340    381    382    1
    664    340    382    341    1
    665    341    382    383    1
    666    341    383    342    1
    667    342    383    384    1
    668    342    384    343    1
    669    343    384    385    1
    670    343    385    344    1
    671    344    385    386    1
    672    344    386    345    1
    673    345    386    387    1
    674    345    387    346    1
    675    346    387    388    1
    676    346    388    347    1
    677    347    388    389    1
    678    347    389    348    1
    679    348    389    390    1
    680    348    390    349    1
    681    349    390    391    1
    682    349    391    350    1
    683    350    391    392    1
    684    350    392    351    1
    685    351    392    393    1
    686    351    393    352    1
    687    352    393    394    1
    688    352    394    353    1
    689    353    394    395    1
    690    353    395    354    1
    691    354    395    396    1
    692    354    396    355    1
    693    355    396    397    1
    694    355    397    356    1
    695    356    397    398    1
    696    356    398    357    1
    697    357    398    399    1
    698    357    399    358    1
    699    358    399    400    1
    700    358    400    359    1
    701    359    400    401    1
    702    359    401    360    1
    703    360    401    402    1
    704    360    402    361    1
    705    361    402    403    1
    706    361    403    362    1
    707    362    403    404    1
    708    362    404    363    1
    709    363    404    405    1
    710    363    405    364    1
    711    364    405    406    1
    712    364    406    365    1
    713    365    406    407    1
    714    365    407    366    1
    715    366    407    408    1
    716    366    408    367    1
    717    367    408    409    1
    718    367    409    368    1
    719    368    409    410    1
    720    368    410    369    1
    721    370    411    412    1
    722    370    412    371    1
    723    371    412    413    1
    724    371    413    372    1
    725    372    413    414    1
    726    372    414    373    1
    727    373    414    415    1
    728    373    415    374    1
    729    374    415    416    1
    730    374    416    375    1
    731    375    416    417    1
    732    375    417    376    1
    733    376    417    418    1
    734    376    418    377    1
    735    377    418    419    1
    736    377    419    378    1
    737    378    419    420    1
    738    378    420    379    1
    739    379    420    421    1
    740    379    421    380    1
    741    380    421    422    1
    742    380    422    381    1
    743    381    422    423    1
    744    381    423    382    1
    745    382    423    424    1
    746    382    424    383    1
    747    383    424    425    1
    748    383    425    384    1
    749    384    425    426    1
    750    384    426    385    1
    751    385    426    427    1
    752    385    427    386    1
    753    386    427    428    1
    754    386    428    387    1
    755    387    428    429    1
    756    387    429    388    1
    757    388    429    430    1
    758    388    430    389    1
    759    389    430    431    1
    760    389    431    390    1
    761    390    431    432    1
    762    390    432    391    1
    763    391    432    433    1
    764    391    433    392    1
    765    392    433    434    1
    766    392    434    393    1
    767    393    434    435    1
    768    393    435    394    1
    769    394    435    436    1
    770    394    436    395    1
    771    395    436    437    1
    772    395    437    396    1
    773    396    437    438    1
    774    396    438    397    1
    775    397    438    439    1
    776    397    439    398    1
    777    398    439    440    1
    778    398    440    399    1
    779    399    440    441    1
    780    399    441    400    1
    781    400    441    442    1
    782    400    442    401    1
    783    401    442    443    1
    784    401    443    402    1
    785    402    443    444    1
    786    402    444    403    1
    787    403    444    445    1
    788    403    445    404    1
    789    404    445    446    1
    790    404    446    405    1
    791    405    446    447    1
    792    405    447    406    1
    793    406    447    448    1
    794    406    448    407    1
    795    407    448    449    1
    796    407    449    408    1
    797    408    449    450    1
    798    408    450    409    1
    799    409    450    451    1
    800    409    451    410    1
    801    411    452    453    1
    802    411    453    412    1
    803    412    453    454    1
    804    412    454    413    1
    805    413    454    455    1
    806    413    455    414    1
    807    414    455    456    1
    808    414    456    415    1
    809    415    456    457    1
    810    415    457    416    1
    811    416    457    458    1
    812    416    458    417    1
    813    417    458    459    1
    814    417    459    418    1
    815    418    459    460    1
    816    418    460    419    1
    817    419    460    461    1
    818    419    461    420    1
    819    420    461    462    1
    820    420    462    421    1
    821    421    462    463    1
    822    421    463    422    1
    823    422    463    464    1
    824    422    464    423    1
    825    423    464    465    1
    826    423    465    424    1
    827    424    465    466    1
    828    424    466    425    1
    829    425    466    467    1
    830    425    467    426    1
    831    426    467    468    1
    832    426    468    427    1
    833    427    468    469    1
    834    427    469    428    1
    835    428    469    470    1
    836    428    470    429    1
    837    429    470    471    1
    838    429    471    430    1
    839    430    471    472    1
    840    430    472    431    1
    841    431    472    473    1
    842    431    473    432    1
    843    432    473    474    1
    844    432    474    433    1
    845    433    474    475    1
    846    433    475    434    1
    847    434    475    476    1
    848    434    476    435    1
    849    435    476    477    1
    850    435    477    436    1
    851    436    477    478    1
    852    436    478    437    1
    853    437    478    479    1
    854    437    479    438    1
    855    438    479    480    1
    856    438    480    439    1
    857    439    480    481    1
    858    439    481    440    1
    859    440    481    482    1
    860    440    482    441    1
    861    441    482    483    1
    862    441    483    442    1
    863    442    483    484    1
    864    442    484    443    1
    865    443    484    485    1
    866    443    485    444    1
    867    444    485    486    1
    868    444    486    445    1
    869    445    486    487    1
    870    445    487    446    1
    871    446    487    488    1
    872    446    488    447    1
    873    447    488    489    1
    874    447    489    448    1
    875    448    489    490    1
    876    448    490    449    1
    877    449    490    491    1
    878    449    491    450    1
    879    450    491    492    1
    880    450    492    451    1
    881    452    493    494    1
    882    452    494    453    1
    883    453    494    495    1
    884    453    495    454    1
    885    454    495    496    1
    886    454    496    455    1
    887    455    496    497    1
    888    455    497    456    1
    889    456    497    498    1
    890    456    498    457    1
    891    457    498    499    1
    892    457    499    458    1
    893    458    499    500    1
    894    458    500    459    1
    895    459    500    501    1
    896    459    501    460    1
    897    460    501    502    1
    898    460    502    461    1
    899    461    502    503    1
    900    461    503    462    1
    901    462    503    504    1
    902    462    504    463    1
    903    463    504    505    1
    904    463    505    464    1
    905    464    505    506    1
    906    464    506    465    1
    907    465    506    507    1
    908    465    507    466    1
    909    466    507    508    1
    910    466    508    467    1
    911    467    508    509    1
    912    467    509    468    1
    913    468    509    510    1
    914    468    510    469    1
    915    469    510    511    1
    916    469    511    470    1
    917    470    511    512    1
    918    470    512    471    1
    919    471    512    513    1
    920    471    513    472    1
    921    472    513    514    1
    922    472    514    473    1
    923    473    514    515    1
    924    473    515    474    1
    925    474    515    516    1
    926    474    516    475    1
    927    475    516    517    1
    928    475    517    476    1
    929    476    517    518    1
    930    476    518    477    1
    931    477    518    519    1
    932    477    519    478    1
    933    478    519    520    1
    934    478    520    479    1
    935    479    520    521    1
    936    479    521    480    1
    937    480    521    522    1
    938    480    522    481    1
    939    481    522    523    1
    940    481    523    482    1
    941    482    523    524    1
    942    482    524    483    1
    943    483    524    525    1
    944    483    525    484    1
    945    484    525    526    1
    946    484    526    485    1
    947    485    526    527    1
    948    485    527    486    1
    949    486    527    528    1
    950    486    528    487    1
    951    487    528    529    1
    952    487    529    488    1
    953    488    529    530    1
    954    488    530    489    1
    955    489    530    531    1
    956    489    531    490    1
    957    490    531    532    1
    958    490    532    491    1
    959    491    532    533    1
    960    491    533    492    1
    961    493    534    535    1
    962    493    535    494    1
    963    494    535    536    1
    964    494    536    495    1
    965    495    536    537    1
    966    495    537    496    1
    967    496    537    538    1
    968    496    538    497    1
    969    497    538    539    1
    970    497    539    498    1
    971    498    539    540    1
    972    498    540    499    1
    973    499    540    541    1
    974    499    541    500    1
    975    500    541    542    1
    976    500    542    501    1
    977    501    542    543    1
    978    501    543    502    1
    979    502    543    544    1
    980    502    544    503    1
    981    503    544    545    1
    982    503    545    504    1
    983    504    545    546    1
    984    504    546    505    1
    985    505    546    547    1
    986    505    547    506    1
    987    506    547    548    1
    988    506    548    507    1
    989    507    548    549    1
    990    507    549    508    1
    991    508    549    550    1
    992    508    550    509    1
    993    509    550    551    1
    994    509    551    510    1
    995    510    551    552    1
    996    510    552    511    1
    997    511    552    553    1
    998    511    553    512    1
    999    512    553    554    1
   1000    512    554    513    1
   1001    513    554    555    1
   1002    513    555    514    1
   1003    514    555    556    1
   1004    514    556    515    1
   1005    515    556    557    1
   1006    515    557    516    1
   1007    516    557    558    1
   1008    516    558    517    1
   1009    517    558    559    1
   1010    517    559    518    1
   1011    518    559    560    1
   1012    518    560    519    1
   1013    519    560    561    1
   1014    519    561    520    1
   1015    520    561    562    1
   1016    520    562    521    1
   1017    521    562    563    1
   1018    521    563    522    1
   1019    522    563    564    1
   1020    522    564    523    1
   1021    523    564    565    1
   1022    523    565    524    1
   1023    524    565    566    1
   1024    524    566    525    1
   1025    525    566    567    1
   1026    525    567    526    1
   1027    526    567    568    1
   1028    526    568    527    1
   1029    527    568    569    1
   1030    527    569    528    1
   1031    528    569    570    1
   1032    528    570    529    1
   1033    529    570    571    1
   1034    529    571    530    1
   1035    530    571    572    1
   1036    530    572    531    1
   1037    531    572    573    1
   1038    531    573    532    1
   1039    532    573    574    1
   1040    532    574    533    1
   1041    534    575    576    1
   1042    534    576    535    1
   1043    535    576    577    1
   1044    535    577    536    1
   1045    536    577    578    1
   1046    536    578    537    1
   1047    537    578    579    1
   1048    537    579    538    1
   1049    538    579    580    1
   1050    538    580    539    1
   1051    539    580    581    1
   1052    539    581    540    1
   1053    540    581    582    1
   1054    540    582    541    1
   1055    541    582    583    1
   1056    541    583    542    1
   1057    542    583    584    1
   1058    542    584    543    1
   1059    543    584    585    1
   1060    543    585    544    1
   1061    544    585    586    1
   1062    544    586    545    1
   1063    545    586    587    1
   1064    545    587    546    1
   1065    546    587    588    1
   1066    546    588    547    1
   1067    547    588    589    1
   1068    547    589    548    1
   1069    548    589    590    1
   1070    548    590    549    1
   1071    549    590    591    1
   1072    549    591    550    1
   1073    550    591    592    1
   1074    550    592    551    1
   1075    551    592    593    1
   1076    551    593    552    1
   1077    552    593    594    1
   1078    552    594    553    1
   1079    553    594    595    1
   1080    553    595    554    1
   1081    554    595    596    1
   1082    554    596    555    1
   1083    555    596    597    1
   1084    555    597    556    1
   1085    556    597    598    1
   1086    556    598    557    1
   1087    557    598    599    1
   1088    557    599    558    1
   1089    558    599    600    1
   1090    558    600    559    1
   1091    559    600    601    1
   1092    559    601    560    1
   1093    560    601    602    1
   1094    560    602    561    1
   1095    561    602    603    1
   1096    561    603    562    1
   1097    562    603    604    1
   1098    562    604    563    1
   1099    563    604    605    1
   1100    563    605    564    1
   1101    564    605    606    1
   1102    564    606    565    1
   1103    565    606    607    1
   1104    565    607    566    1
   1105    566    607    608    1
   1106    566    608    567    1
   1107    567    608    609    1
   1108    567    609    568    1
   1109    568    609    610    1
   1110    568    610    569    1
   1111    569    610    611    1
   1112    569    611    570    1
   1113    570    611    612    1
   1114    570    612    571    1
   1115    571    612    613    1
   1116    571    613    572    1
   1117    572    613    614    1
   1118    572    614    573    1
   1119    573    614    615    1
   1120    573    615    574    1
   1121    575    616    617    1
   1122    575    617    576    1
   1123    576    617    618    1
   1124    576    618    577    1
   1125    577    618    619    1
   1126    577    619    578    1
   1127    578    619    620    1
   1128    578    620    579    1
   1129    579    620    621    1
   1130    579    621    580    1
   1131    580    621    622    1
   1132    580    622    581    1
   1133    581    622    623    1
   1134    581    623    582    1
   1135    582    623    624    1
   1136    582    624    583    1
   1137    583    624    625    1
   1138    583    625    584    1
   1139    584    625    626    1
   1140    584    626    585    1
   1141    585    626    627    1
   1142    585    627    586    1
   1143    586    627    628    1
   1144    586    628    587    1
   1145    587    628    629    1
   1146    587    629    588    1
   1147    588    629    630    1
   1148    588    630    589    1
   1149    589    630    631    1
   1150    589    631    590    1
   1151    590    631    632    1
   1152    590    632    591    1
   1153    591    632    633    1
   1154    591    633    592    1
   1155    592    633    634    1
   1156    592    634    593    1
   1157    593    634    635    1
   1158    593    635    594    1
   1159    594    635    636    1
   1160    594    636    595    1
   1161    595    636    637    1
   1162    595    637    596    1
   1163    596    637    638    1
   1164    596    638    597    1
   1165    597    638    639    1
   1166    597    639    598    1
   1167    598    639    640    1
   1168    598    640    599    1
   1169    599    640    641    1
   1170    599    641    600    1
   1171    600    641    642    1
   1172    600    642    601    1
   1173    601    642    643    1
   1174    601    643    602    1
   1175    602    643    644    1
   1176    602    644    603    1
   1177    603    644    645    1
   1178    603    645    604    1
   1179    604    645    646    1
   1180    604    646    605    1
   1181    605    646    647    1
   1182    605    647    606    1
   1183    606    647    648    1
   1184    606    648    607    1
   1185    607    648    649    1
   1186    607    649    608    1
   1187    608    649    650    1
   1188    608    650    609    1
   1189    609    650    651    1
   1190    609    651    610    1
   1191    610    651    652    1
   1192    610    652    611    1
   1193    611    652    653    1
   1194    611    653    612    1
   1195    612    653    654    1
   1196    612    654    613    1
   1197    613    654    655    1
   1198    613    655    614    1
   1199    614    655    656    1
   1200    614    656    615    1
   1201    616    657    658    1
   1202    616    658    617    1
   1203    617    658    659    1
   1204    617    659    618    1
   1205    618    659    660    1
   1206    618    660    619    1
   1207    619    660    661    1
   1208    619    661    620    1
   1209    620    661    662    1
   1210    620    662    621    1
   1211    621    662    663    1
   1212    621    663    622    1
   1213    622    663    664    1
   1214    622    664    623    1
   1215    623    664    665    1
   1216    623    665    624    1
   1217    624    665    666    1
   1218    624    666    625    1
   1219    625    666    667    1
   1220    625    667    626    1
   1221    626    667    668    1
   1222    626    668    627    1
   1223    627    668    669    1
   1224    627    669    628    1
   1225    628    669    670    1
   1226    628    670    629    1
   1227    629    670    671    1
   1228    629    671    630    1
   1229    630    671    672    1
   1230    630    672    631    1
   1231    631    672    673    1
   1232    631    673    632    1
   1233    632    673    674    1
   1234    632    674    633    1
   1235    633    674    675    1
   1236    633    675    634    1
   1237    634    675    676    1
   1238    634    676    635    1
   1239    635    676    677    1
   1240    635    677    636    1
   1241    636    677    678    1
   1242    636    678    637    1
   1243    637    678    679    1
   1244    637    679    638    1
   1245    638    679    680    1
   1246    638    680    639    1
   1247    639    680    681    1
   1248    639    681    640    1
   1249    640    681    682    1
   1250    640    682    641    1
   1251    641    682    683    1
   1252    641    683    642    1
   1253    642    683    684    1
   1254    642    684    643    1
   1255    643    684    685    1
   1256    643    685    644    1
   1257    644    685    686    1
   1258    644    686    645    1
   1259    645    686    687    1
   1260    645    687    646    1
   1261    646    687    688    1
   1262    646    688    647    1
   1263    647    688    689    1
   1264    647    689    648    1
   1265    648    689    690    1
   1266    648    690    649    1
   1267    649    690    691    1
   1268    649    691    650    1
   1269    650    691    692    1
   1270    650    692    651    1
   1271    651    692    693    1
   1272    651    693    652    1
   1273    652    693    694    1
   1274    652    694    653    1
   1275    653    694    695    1
   1276    653    695    654    1
   1277    654    695    696    1
   1278    654    696    655    1
   1279    655    696    697    1
   1280    655    697    656    1
    657    1    1
    697    0    1
      0    0    0
      1    0.0000    -1.2500
      2    0.0000    -2.5000
      3    0.0000    -2.5000
      4    0.0000    -2.5000
      5    0.0000    -2.5000
      6    0.0000    -2.5000
      7    0.0000    -2.5000
      8    0.0000    -2.5000
      9    0.0000    -2.5000
     10    0.0000    -2.5000
     11    0.0000    -2.5000
     12    0.0000    -2.5000
     13    0.0000    -2.5000
     14    0.0000    -2.5000
     15    0.0000    -2.5000
     16    0.0000    -2.5000
     17    0.0000    -2.5000
     18    0.0000    -2.5000
     19    0.0000    -2.5000
     20    0.0000    -2.5000
     21    0.0000    -2.5000
     22    0.0000    -2.5000
     23    0.0000    -2.5000
     24    0.0000    -2.5000
     25    0.0000    -2.5000
     26    0.0000    -2.5000
     27    0.0000    -2.5000
     28    0.0000    -2.5000
     29    0.0000    -2.5000
     30    0.0000    -2.5000
     31    0.0000    -2.5000
     32    0.0000    -2.5000
     33    0.0000    -2.5000
     34    0.0000    -2.5000
     35    0.0000    -2.5000
     36    0.0000    -2.5000
     37    0.0000    -2.5000
     38    0.0000    -2.5000
     39    0.0000    -2.5000
     40    0.0000    -2.5000
     41    0.0000    -1.2500
      0    0.0000    0.0000
