coor   205
         1    0.00000E+00    0.10000E+02    0.00000E+00
         2    0.25000E+01    0.10000E+02    0.00000E+00
         3    0.50000E+01    0.10000E+02    0.00000E+00
         4    0.75000E+01    0.10000E+02    0.00000E+00
         5    0.10000E+02    0.10000E+02    0.00000E+00
         6    0.12500E+02    0.10000E+02    0.00000E+00
         7    0.15000E+02    0.10000E+02    0.00000E+00
         8    0.17500E+02    0.10000E+02    0.00000E+00
         9    0.20000E+02    0.10000E+02    0.00000E+00
        10    0.22500E+02    0.10000E+02    0.00000E+00
        11    0.25000E+02    0.10000E+02    0.00000E+00
        12    0.27500E+02    0.10000E+02    0.00000E+00
        13    0.30000E+02    0.10000E+02    0.00000E+00
        14    0.32500E+02    0.10000E+02    0.00000E+00
        15    0.35000E+02    0.10000E+02    0.00000E+00
        16    0.37500E+02    0.10000E+02    0.00000E+00
        17    0.40000E+02    0.10000E+02    0.00000E+00
        18    0.42500E+02    0.10000E+02    0.00000E+00
        19    0.45000E+02    0.10000E+02    0.00000E+00
        20    0.47500E+02    0.10000E+02    0.00000E+00
        21    0.50000E+02    0.10000E+02    0.00000E+00
        22    0.52500E+02    0.10000E+02    0.00000E+00
        23    0.55000E+02    0.10000E+02    0.00000E+00
        24    0.57500E+02    0.10000E+02    0.00000E+00
        25    0.60000E+02    0.10000E+02    0.00000E+00
        26    0.62500E+02    0.10000E+02    0.00000E+00
        27    0.65000E+02    0.10000E+02    0.00000E+00
        28    0.67500E+02    0.10000E+02    0.00000E+00
        29    0.70000E+02    0.10000E+02    0.00000E+00
        30    0.72500E+02    0.10000E+02    0.00000E+00
        31    0.75000E+02    0.10000E+02    0.00000E+00
        32    0.77500E+02    0.10000E+02    0.00000E+00
        33    0.80000E+02    0.10000E+02    0.00000E+00
        34    0.82500E+02    0.10000E+02    0.00000E+00
        35    0.85000E+02    0.10000E+02    0.00000E+00
        36    0.87500E+02    0.10000E+02    0.00000E+00
        37    0.90000E+02    0.10000E+02    0.00000E+00
        38    0.92500E+02    0.10000E+02    0.00000E+00
        39    0.95000E+02    0.10000E+02    0.00000E+00
        40    0.97500E+02    0.10000E+02    0.00000E+00
        41    0.10000E+03    0.10000E+02    0.00000E+00
        42    0.00000E+00    0.75000E+01    0.00000E+00
        43    0.25000E+01    0.75000E+01    0.00000E+00
        44    0.50000E+01    0.75000E+01    0.00000E+00
        45    0.75000E+01    0.75000E+01    0.00000E+00
        46    0.10000E+02    0.75000E+01    0.00000E+00
        47    0.12500E+02    0.75000E+01    0.00000E+00
        48    0.15000E+02    0.75000E+01    0.00000E+00
        49    0.17500E+02    0.75000E+01    0.00000E+00
        50    0.20000E+02    0.75000E+01    0.00000E+00
        51    0.22500E+02    0.75000E+01    0.00000E+00
        52    0.25000E+02    0.75000E+01    0.00000E+00
        53    0.27500E+02    0.75000E+01    0.00000E+00
        54    0.30000E+02    0.75000E+01    0.00000E+00
        55    0.32500E+02    0.75000E+01    0.00000E+00
        56    0.35000E+02    0.75000E+01    0.00000E+00
        57    0.37500E+02    0.75000E+01    0.00000E+00
        58    0.40000E+02    0.75000E+01    0.00000E+00
        59    0.42500E+02    0.75000E+01    0.00000E+00
        60    0.45000E+02    0.75000E+01    0.00000E+00
        61    0.47500E+02    0.75000E+01    0.00000E+00
        62    0.50000E+02    0.75000E+01    0.00000E+00
        63    0.52500E+02    0.75000E+01    0.00000E+00
        64    0.55000E+02    0.75000E+01    0.00000E+00
        65    0.57500E+02    0.75000E+01    0.00000E+00
        66    0.60000E+02    0.75000E+01    0.00000E+00
        67    0.62500E+02    0.75000E+01    0.00000E+00
        68    0.65000E+02    0.75000E+01    0.00000E+00
        69    0.67500E+02    0.75000E+01    0.00000E+00
        70    0.70000E+02    0.75000E+01    0.00000E+00
        71    0.72500E+02    0.75000E+01    0.00000E+00
        72    0.75000E+02    0.75000E+01    0.00000E+00
        73    0.77500E+02    0.75000E+01    0.00000E+00
        74    0.80000E+02    0.75000E+01    0.00000E+00
        75    0.82500E+02    0.75000E+01    0.00000E+00
        76    0.85000E+02    0.75000E+01    0.00000E+00
        77    0.87500E+02    0.75000E+01    0.00000E+00
        78    0.90000E+02    0.75000E+01    0.00000E+00
        79    0.92500E+02    0.75000E+01    0.00000E+00
        80    0.95000E+02    0.75000E+01    0.00000E+00
        81    0.97500E+02    0.75000E+01    0.00000E+00
        82    0.10000E+03    0.75000E+01    0.00000E+00
        83    0.00000E+00    0.50000E+01    0.00000E+00
        84    0.25000E+01    0.50000E+01    0.00000E+00
        85    0.50000E+01    0.50000E+01    0.00000E+00
        86    0.75000E+01    0.50000E+01    0.00000E+00
        87    0.10000E+02    0.50000E+01    0.00000E+00
        88    0.12500E+02    0.50000E+01    0.00000E+00
        89    0.15000E+02    0.50000E+01    0.00000E+00
        90    0.17500E+02    0.50000E+01    0.00000E+00
        91    0.20000E+02    0.50000E+01    0.00000E+00
        92    0.22500E+02    0.50000E+01    0.00000E+00
        93    0.25000E+02    0.50000E+01    0.00000E+00
        94    0.27500E+02    0.50000E+01    0.00000E+00
        95    0.30000E+02    0.50000E+01    0.00000E+00
        96    0.32500E+02    0.50000E+01    0.00000E+00
        97    0.35000E+02    0.50000E+01    0.00000E+00
        98    0.37500E+02    0.50000E+01    0.00000E+00
        99    0.40000E+02    0.50000E+01    0.00000E+00
       100    0.42500E+02    0.50000E+01    0.00000E+00
       101    0.45000E+02    0.50000E+01    0.00000E+00
       102    0.47500E+02    0.50000E+01    0.00000E+00
       103    0.50000E+02    0.50000E+01    0.00000E+00
       104    0.52500E+02    0.50000E+01    0.00000E+00
       105    0.55000E+02    0.50000E+01    0.00000E+00
       106    0.57500E+02    0.50000E+01    0.00000E+00
       107    0.60000E+02    0.50000E+01    0.00000E+00
       108    0.62500E+02    0.50000E+01    0.00000E+00
       109    0.65000E+02    0.50000E+01    0.00000E+00
       110    0.67500E+02    0.50000E+01    0.00000E+00
       111    0.70000E+02    0.50000E+01    0.00000E+00
       112    0.72500E+02    0.50000E+01    0.00000E+00
       113    0.75000E+02    0.50000E+01    0.00000E+00
       114    0.77500E+02    0.50000E+01    0.00000E+00
       115    0.80000E+02    0.50000E+01    0.00000E+00
       116    0.82500E+02    0.50000E+01    0.00000E+00
       117    0.85000E+02    0.50000E+01    0.00000E+00
       118    0.87500E+02    0.50000E+01    0.00000E+00
       119    0.90000E+02    0.50000E+01    0.00000E+00
       120    0.92500E+02    0.50000E+01    0.00000E+00
       121    0.95000E+02    0.50000E+01    0.00000E+00
       122    0.97500E+02    0.50000E+01    0.00000E+00
       123    0.10000E+03    0.50000E+01    0.00000E+00
       124    0.00000E+00    0.25000E+01    0.00000E+00
       125    0.25000E+01    0.25000E+01    0.00000E+00
       126    0.50000E+01    0.25000E+01    0.00000E+00
       127    0.75000E+01    0.25000E+01    0.00000E+00
       128    0.10000E+02    0.25000E+01    0.00000E+00
       129    0.12500E+02    0.25000E+01    0.00000E+00
       130    0.15000E+02    0.25000E+01    0.00000E+00
       131    0.17500E+02    0.25000E+01    0.00000E+00
       132    0.20000E+02    0.25000E+01    0.00000E+00
       133    0.22500E+02    0.25000E+01    0.00000E+00
       134    0.25000E+02    0.25000E+01    0.00000E+00
       135    0.27500E+02    0.25000E+01    0.00000E+00
       136    0.30000E+02    0.25000E+01    0.00000E+00
       137    0.32500E+02    0.25000E+01    0.00000E+00
       138    0.35000E+02    0.25000E+01    0.00000E+00
       139    0.37500E+02    0.25000E+01    0.00000E+00
       140    0.40000E+02    0.25000E+01    0.00000E+00
       141    0.42500E+02    0.25000E+01    0.00000E+00
       142    0.45000E+02    0.25000E+01    0.00000E+00
       143    0.47500E+02    0.25000E+01    0.00000E+00
       144    0.50000E+02    0.25000E+01    0.00000E+00
       145    0.52500E+02    0.25000E+01    0.00000E+00
       146    0.55000E+02    0.25000E+01    0.00000E+00
       147    0.57500E+02    0.25000E+01    0.00000E+00
       148    0.60000E+02    0.25000E+01    0.00000E+00
       149    0.62500E+02    0.25000E+01    0.00000E+00
       150    0.65000E+02    0.25000E+01    0.00000E+00
       151    0.67500E+02    0.25000E+01    0.00000E+00
       152    0.70000E+02    0.25000E+01    0.00000E+00
       153    0.72500E+02    0.25000E+01    0.00000E+00
       154    0.75000E+02    0.25000E+01    0.00000E+00
       155    0.77500E+02    0.25000E+01    0.00000E+00
       156    0.80000E+02    0.25000E+01    0.00000E+00
       157    0.82500E+02    0.25000E+01    0.00000E+00
       158    0.85000E+02    0.25000E+01    0.00000E+00
       159    0.87500E+02    0.25000E+01    0.00000E+00
       160    0.90000E+02    0.25000E+01    0.00000E+00
       161    0.92500E+02    0.25000E+01    0.00000E+00
       162    0.95000E+02    0.25000E+01    0.00000E+00
       163    0.97500E+02    0.25000E+01    0.00000E+00
       164    0.10000E+03    0.25000E+01    0.00000E+00
       165    0.00000E+00    0.00000E+00    0.00000E+00
       166    0.25000E+01    0.00000E+00    0.00000E+00
       167    0.50000E+01    0.00000E+00    0.00000E+00
       168    0.75000E+01    0.00000E+00    0.00000E+00
       169    0.10000E+02    0.00000E+00    0.00000E+00
       170    0.12500E+02    0.00000E+00    0.00000E+00
       171    0.15000E+02    0.00000E+00    0.00000E+00
       172    0.17500E+02    0.00000E+00    0.00000E+00
       173    0.20000E+02    0.00000E+00    0.00000E+00
       174    0.22500E+02    0.00000E+00    0.00000E+00
       175    0.25000E+02    0.00000E+00    0.00000E+00
       176    0.27500E+02    0.00000E+00    0.00000E+00
       177    0.30000E+02    0.00000E+00    0.00000E+00
       178    0.32500E+02    0.00000E+00    0.00000E+00
       179    0.35000E+02    0.00000E+00    0.00000E+00
       180    0.37500E+02    0.00000E+00    0.00000E+00
       181    0.40000E+02    0.00000E+00    0.00000E+00
       182    0.42500E+02    0.00000E+00    0.00000E+00
       183    0.45000E+02    0.00000E+00    0.00000E+00
       184    0.47500E+02    0.00000E+00    0.00000E+00
       185    0.50000E+02    0.00000E+00    0.00000E+00
       186    0.52500E+02    0.00000E+00    0.00000E+00
       187    0.55000E+02    0.00000E+00    0.00000E+00
       188    0.57500E+02    0.00000E+00    0.00000E+00
       189    0.60000E+02    0.00000E+00    0.00000E+00
       190    0.62500E+02    0.00000E+00    0.00000E+00
       191    0.65000E+02    0.00000E+00    0.00000E+00
       192    0.67500E+02    0.00000E+00    0.00000E+00
       193    0.70000E+02    0.00000E+00    0.00000E+00
       194    0.72500E+02    0.00000E+00    0.00000E+00
       195    0.75000E+02    0.00000E+00    0.00000E+00
       196    0.77500E+02    0.00000E+00    0.00000E+00
       197    0.80000E+02    0.00000E+00    0.00000E+00
       198    0.82500E+02    0.00000E+00    0.00000E+00
       199    0.85000E+02    0.00000E+00    0.00000E+00
       200    0.87500E+02    0.00000E+00    0.00000E+00
       201    0.90000E+02    0.00000E+00    0.00000E+00
       202    0.92500E+02    0.00000E+00    0.00000E+00
       203    0.95000E+02    0.00000E+00    0.00000E+00
       204    0.97500E+02    0.00000E+00    0.00000E+00
       205    0.10000E+03    0.00000E+00    0.00000E+00
elem        320
         1         3         1        42        43
         2         3         1        43         2
         3         3         2        43        44
         4         3         2        44         3
         5         3         3        44        45
         6         3         3        45         4
         7         3         4        45        46
         8         3         4        46         5
         9         3         5        46        47
        10         3         5        47         6
        11         3         6        47        48
        12         3         6        48         7
        13         3         7        48        49
        14         3         7        49         8
        15         3         8        49        50
        16         3         8        50         9
        17         3         9        50        51
        18         3         9        51        10
        19         3        10        51        52
        20         3        10        52        11
        21         3        11        52        53
        22         3        11        53        12
        23         3        12        53        54
        24         3        12        54        13
        25         3        13        54        55
        26         3        13        55        14
        27         3        14        55        56
        28         3        14        56        15
        29         3        15        56        57
        30         3        15        57        16
        31         3        16        57        58
        32         3        16        58        17
        33         3        17        58        59
        34         3        17        59        18
        35         3        18        59        60
        36         3        18        60        19
        37         3        19        60        61
        38         3        19        61        20
        39         3        20        61        62
        40         3        20        62        21
        41         3        21        62        63
        42         3        21        63        22
        43         3        22        63        64
        44         3        22        64        23
        45         3        23        64        65
        46         3        23        65        24
        47         3        24        65        66
        48         3        24        66        25
        49         3        25        66        67
        50         3        25        67        26
        51         3        26        67        68
        52         3        26        68        27
        53         3        27        68        69
        54         3        27        69        28
        55         3        28        69        70
        56         3        28        70        29
        57         3        29        70        71
        58         3        29        71        30
        59         3        30        71        72
        60         3        30        72        31
        61         3        31        72        73
        62         3        31        73        32
        63         3        32        73        74
        64         3        32        74        33
        65         3        33        74        75
        66         3        33        75        34
        67         3        34        75        76
        68         3        34        76        35
        69         3        35        76        77
        70         3        35        77        36
        71         3        36        77        78
        72         3        36        78        37
        73         3        37        78        79
        74         3        37        79        38
        75         3        38        79        80
        76         3        38        80        39
        77         3        39        80        81
        78         3        39        81        40
        79         3        40        81        82
        80         3        40        82        41
        81         3        42        83        84
        82         3        42        84        43
        83         3        43        84        85
        84         3        43        85        44
        85         3        44        85        86
        86         3        44        86        45
        87         3        45        86        87
        88         3        45        87        46
        89         3        46        87        88
        90         3        46        88        47
        91         3        47        88        89
        92         3        47        89        48
        93         3        48        89        90
        94         3        48        90        49
        95         3        49        90        91
        96         3        49        91        50
        97         3        50        91        92
        98         3        50        92        51
        99         3        51        92        93
       100         3        51        93        52
       101         3        52        93        94
       102         3        52        94        53
       103         3        53        94        95
       104         3        53        95        54
       105         3        54        95        96
       106         3        54        96        55
       107         3        55        96        97
       108         3        55        97        56
       109         3        56        97        98
       110         3        56        98        57
       111         3        57        98        99
       112         3        57        99        58
       113         3        58        99       100
       114         3        58       100        59
       115         3        59       100       101
       116         3        59       101        60
       117         3        60       101       102
       118         3        60       102        61
       119         3        61       102       103
       120         3        61       103        62
       121         3        62       103       104
       122         3        62       104        63
       123         3        63       104       105
       124         3        63       105        64
       125         3        64       105       106
       126         3        64       106        65
       127         3        65       106       107
       128         3        65       107        66
       129         3        66       107       108
       130         3        66       108        67
       131         3        67       108       109
       132         3        67       109        68
       133         3        68       109       110
       134         3        68       110        69
       135         3        69       110       111
       136         3        69       111        70
       137         3        70       111       112
       138         3        70       112        71
       139         3        71       112       113
       140         3        71       113        72
       141         3        72       113       114
       142         3        72       114        73
       143         3        73       114       115
       144         3        73       115        74
       145         3        74       115       116
       146         3        74       116        75
       147         3        75       116       117
       148         3        75       117        76
       149         3        76       117       118
       150         3        76       118        77
       151         3        77       118       119
       152         3        77       119        78
       153         3        78       119       120
       154         3        78       120        79
       155         3        79       120       121
       156         3        79       121        80
       157         3        80       121       122
       158         3        80       122        81
       159         3        81       122       123
       160         3        81       123        82
       161         3        83       124       125
       162         3        83       125        84
       163         3        84       125       126
       164         3        84       126        85
       165         3        85       126       127
       166         3        85       127        86
       167         3        86       127       128
       168         3        86       128        87
       169         3        87       128       129
       170         3        87       129        88
       171         3        88       129       130
       172         3        88       130        89
       173         3        89       130       131
       174         3        89       131        90
       175         3        90       131       132
       176         3        90       132        91
       177         3        91       132       133
       178         3        91       133        92
       179         3        92       133       134
       180         3        92       134        93
       181         3        93       134       135
       182         3        93       135        94
       183         3        94       135       136
       184         3        94       136        95
       185         3        95       136       137
       186         3        95       137        96
       187         3        96       137       138
       188         3        96       138        97
       189         3        97       138       139
       190         3        97       139        98
       191         3        98       139       140
       192         3        98       140        99
       193         3        99       140       141
       194         3        99       141       100
       195         3       100       141       142
       196         3       100       142       101
       197         3       101       142       143
       198         3       101       143       102
       199         3       102       143       144
       200         3       102       144       103
       201         3       103       144       145
       202         3       103       145       104
       203         3       104       145       146
       204         3       104       146       105
       205         3       105       146       147
       206         3       105       147       106
       207         3       106       147       148
       208         3       106       148       107
       209         3       107       148       149
       210         3       107       149       108
       211         3       108       149       150
       212         3       108       150       109
       213         3       109       150       151
       214         3       109       151       110
       215         3       110       151       152
       216         3       110       152       111
       217         3       111       152       153
       218         3       111       153       112
       219         3       112       153       154
       220         3       112       154       113
       221         3       113       154       155
       222         3       113       155       114
       223         3       114       155       156
       224         3       114       156       115
       225         3       115       156       157
       226         3       115       157       116
       227         3       116       157       158
       228         3       116       158       117
       229         3       117       158       159
       230         3       117       159       118
       231         3       118       159       160
       232         3       118       160       119
       233         3       119       160       161
       234         3       119       161       120
       235         3       120       161       162
       236         3       120       162       121
       237         3       121       162       163
       238         3       121       163       122
       239         3       122       163       164
       240         3       122       164       123
       241         3       124       165       166
       242         3       124       166       125
       243         3       125       166       167
       244         3       125       167       126
       245         3       126       167       168
       246         3       126       168       127
       247         3       127       168       169
       248         3       127       169       128
       249         3       128       169       170
       250         3       128       170       129
       251         3       129       170       171
       252         3       129       171       130
       253         3       130       171       172
       254         3       130       172       131
       255         3       131       172       173
       256         3       131       173       132
       257         3       132       173       174
       258         3       132       174       133
       259         3       133       174       175
       260         3       133       175       134
       261         3       134       175       176
       262         3       134       176       135
       263         3       135       176       177
       264         3       135       177       136
       265         3       136       177       178
       266         3       136       178       137
       267         3       137       178       179
       268         3       137       179       138
       269         3       138       179       180
       270         3       138       180       139
       271         3       139       180       181
       272         3       139       181       140
       273         3       140       181       182
       274         3       140       182       141
       275         3       141       182       183
       276         3       141       183       142
       277         3       142       183       184
       278         3       142       184       143
       279         3       143       184       185
       280         3       143       185       144
       281         3       144       185       186
       282         3       144       186       145
       283         3       145       186       187
       284         3       145       187       146
       285         3       146       187       188
       286         3       146       188       147
       287         3       147       188       189
       288         3       147       189       148
       289         3       148       189       190
       290         3       148       190       149
       291         3       149       190       191
       292         3       149       191       150
       293         3       150       191       192
       294         3       150       192       151
       295         3       151       192       193
       296         3       151       193       152
       297         3       152       193       194
       298         3       152       194       153
       299         3       153       194       195
       300         3       153       195       154
       301         3       154       195       196
       302         3       154       196       155
       303         3       155       196       197
       304         3       155       197       156
       305         3       156       197       198
       306         3       156       198       157
       307         3       157       198       199
       308         3       157       199       158
       309         3       158       199       200
       310         3       158       200       159
       311         3       159       200       201
       312         3       159       201       160
       313         3       160       201       202
       314         3       160       202       161
       315         3       161       202       203
       316         3       161       203       162
       317         3       162       203       204
       318         3       162       204       163
       319         3       163       204       205
       320         3       163       205       164
nosc  2
         1   0.00000E+000  -0.15000E-002
         2   0.25000E-002  -0.15000E-002
         3   0.50000E-002  -0.15000E-002
         4   0.75001E-002  -0.15001E-002
         5   0.10000E-001  -0.15001E-002
         6   0.12500E-001  -0.15001E-002
         7   0.15000E-001  -0.15002E-002
         8   0.17500E-001  -0.15003E-002
         9   0.20000E-001  -0.15003E-002
        10   0.22500E-001  -0.15004E-002
        11   0.25000E-001  -0.15005E-002
        12   0.27500E-001  -0.15006E-002
        13   0.30000E-001  -0.15007E-002
        14   0.32500E-001  -0.15008E-002
        15   0.35000E-001  -0.15009E-002
        16   0.37500E-001  -0.15010E-002
        17   0.40000E-001  -0.15011E-002
        18   0.42500E-001  -0.15012E-002
        19   0.45000E-001  -0.15014E-002
        20   0.47500E-001  -0.15015E-002
        21   0.50000E-001  -0.15016E-002
        22   0.52500E-001  -0.15018E-002
        23   0.55000E-001  -0.15019E-002
        24   0.57500E-001  -0.15021E-002
        25   0.60000E-001  -0.15022E-002
        26   0.62500E-001  -0.15024E-002
        27   0.65000E-001  -0.15025E-002
        28   0.67500E-001  -0.15027E-002
        29   0.70000E-001  -0.15028E-002
        30   0.72500E-001  -0.15030E-002
        31   0.75000E-001  -0.15031E-002
        32   0.77500E-001  -0.15033E-002
        33   0.80000E-001  -0.15034E-002
        34   0.82500E-001  -0.15036E-002
        35   0.85000E-001  -0.15038E-002
        36   0.87500E-001  -0.15039E-002
        37   0.90000E-001  -0.15041E-002
        38   0.92500E-001  -0.15042E-002
        39   0.95000E-001  -0.15044E-002
        40   0.97500E-001  -0.15046E-002
        41   0.10000E+000  -0.15047E-002
        42   0.00000E+000  -0.75000E-003
        43   0.25000E-002  -0.75001E-003
        44   0.50000E-002  -0.75003E-003
        45   0.75000E-002  -0.75005E-003
        46   0.10000E-001  -0.75009E-003
        47   0.12500E-001  -0.75013E-003
        48   0.15000E-001  -0.75019E-003
        49   0.17500E-001  -0.75025E-003
        50   0.20000E-001  -0.75032E-003
        51   0.22500E-001  -0.75039E-003
        52   0.25000E-001  -0.75048E-003
        53   0.27500E-001  -0.75057E-003
        54   0.30000E-001  -0.75066E-003
        55   0.32500E-001  -0.75077E-003
        56   0.35000E-001  -0.75087E-003
        57   0.37500E-001  -0.75099E-003
        58   0.40000E-001  -0.75111E-003
        59   0.42500E-001  -0.75123E-003
        60   0.45000E-001  -0.75136E-003
        61   0.47500E-001  -0.75149E-003
        62   0.50000E-001  -0.75163E-003
        63   0.52500E-001  -0.75176E-003
        64   0.55000E-001  -0.75191E-003
        65   0.57500E-001  -0.75205E-003
        66   0.60000E-001  -0.75220E-003
        67   0.62500E-001  -0.75235E-003
        68   0.65000E-001  -0.75250E-003
        69   0.67500E-001  -0.75266E-003
        70   0.70000E-001  -0.75281E-003
        71   0.72500E-001  -0.75297E-003
        72   0.75000E-001  -0.75313E-003
        73   0.77500E-001  -0.75329E-003
        74   0.80000E-001  -0.75345E-003
        75   0.82500E-001  -0.75361E-003
        76   0.85000E-001  -0.75377E-003
        77   0.87500E-001  -0.75393E-003
        78   0.90000E-001  -0.75409E-003
        79   0.92500E-001  -0.75425E-003
        80   0.95000E-001  -0.75441E-003
        81   0.97500E-001  -0.75457E-003
        82   0.10000E+000  -0.75473E-003
        83   0.00000E+000   0.00000E+000
        84   0.25000E-002  -0.76483E-008
        85   0.50000E-002  -0.24581E-007
        86   0.75000E-002  -0.51125E-007
        87   0.10000E-001  -0.86832E-007
        88   0.12500E-001  -0.13142E-006
        89   0.15000E-001  -0.18452E-006
        90   0.17500E-001  -0.24574E-006
        91   0.20000E-001  -0.31472E-006
        92   0.22500E-001  -0.39117E-006
        93   0.25000E-001  -0.47475E-006
        94   0.27500E-001  -0.56505E-006
        95   0.30000E-001  -0.66174E-006
        96   0.32500E-001  -0.76448E-006
        97   0.35000E-001  -0.87291E-006
        98   0.37500E-001  -0.98669E-006
        99   0.40000E-001  -0.11056E-005
       100   0.42500E-001  -0.12292E-005
       101   0.45000E-001  -0.13571E-005
       102   0.47500E-001  -0.14891E-005
       103   0.50000E-001  -0.16249E-005
       104   0.52500E-001  -0.17641E-005
       105   0.55000E-001  -0.19064E-005
       106   0.57500E-001  -0.20517E-005
       107   0.60000E-001  -0.21995E-005
       108   0.62500E-001  -0.23497E-005
       109   0.65000E-001  -0.25018E-005
       110   0.67500E-001  -0.26558E-005
       111   0.70000E-001  -0.28114E-005
       112   0.72500E-001  -0.29683E-005
       113   0.75000E-001  -0.31263E-005
       114   0.77500E-001  -0.32852E-005
       115   0.80000E-001  -0.34450E-005
       116   0.82500E-001  -0.36053E-005
       117   0.85000E-001  -0.37660E-005
       118   0.87500E-001  -0.39270E-005
       119   0.90000E-001  -0.40883E-005
       120   0.92500E-001  -0.42496E-005
       121   0.95000E-001  -0.44109E-005
       122   0.97500E-001  -0.45722E-005
       123   0.10000E+000  -0.47334E-005
       124   0.00000E+000   0.75000E-003
       125   0.25000E-002   0.74999E-003
       126   0.50000E-002   0.74997E-003
       127   0.75000E-002   0.74995E-003
       128   0.10000E-001   0.74991E-003
       129   0.12500E-001   0.74987E-003
       130   0.15000E-001   0.74981E-003
       131   0.17500E-001   0.74975E-003
       132   0.20000E-001   0.74968E-003
       133   0.22500E-001   0.74961E-003
       134   0.25000E-001   0.74952E-003
       135   0.27500E-001   0.74943E-003
       136   0.30000E-001   0.74934E-003
       137   0.32500E-001   0.74923E-003
       138   0.35000E-001   0.74913E-003
       139   0.37500E-001   0.74901E-003
       140   0.40000E-001   0.74889E-003
       141   0.42500E-001   0.74877E-003
       142   0.45000E-001   0.74864E-003
       143   0.47500E-001   0.74851E-003
       144   0.50000E-001   0.74837E-003
       145   0.52500E-001   0.74824E-003
       146   0.55000E-001   0.74809E-003
       147   0.57500E-001   0.74795E-003
       148   0.60000E-001   0.74780E-003
       149   0.62500E-001   0.74765E-003
       150   0.65000E-001   0.74750E-003
       151   0.67500E-001   0.74734E-003
       152   0.70000E-001   0.74719E-003
       153   0.72500E-001   0.74703E-003
       154   0.75000E-001   0.74687E-003
       155   0.77500E-001   0.74671E-003
       156   0.80000E-001   0.74655E-003
       157   0.82500E-001   0.74639E-003
       158   0.85000E-001   0.74623E-003
       159   0.87500E-001   0.74607E-003
       160   0.90000E-001   0.74591E-003
       161   0.92500E-001   0.74575E-003
       162   0.95000E-001   0.74559E-003
       163   0.97500E-001   0.74543E-003
       164   0.10000E+000   0.74527E-003
       165   0.00000E+000   0.15000E-002
       166   0.25000E-002   0.15000E-002
       167   0.50000E-002   0.15000E-002
       168   0.74999E-002   0.14999E-002
       169   0.99999E-002   0.14999E-002
       170   0.12500E-001   0.14999E-002
       171   0.15000E-001   0.14998E-002
       172   0.17500E-001   0.14997E-002
       173   0.20000E-001   0.14997E-002
       174   0.22500E-001   0.14996E-002
       175   0.25000E-001   0.14995E-002
       176   0.27500E-001   0.14994E-002
       177   0.30000E-001   0.14993E-002
       178   0.32500E-001   0.14992E-002
       179   0.35000E-001   0.14991E-002
       180   0.37500E-001   0.14990E-002
       181   0.40000E-001   0.14989E-002
       182   0.42500E-001   0.14988E-002
       183   0.45000E-001   0.14986E-002
       184   0.47500E-001   0.14985E-002
       185   0.50000E-001   0.14984E-002
       186   0.52500E-001   0.14982E-002
       187   0.55000E-001   0.14981E-002
       188   0.57500E-001   0.14979E-002
       189   0.60000E-001   0.14978E-002
       190   0.62500E-001   0.14976E-002
       191   0.65000E-001   0.14975E-002
       192   0.67500E-001   0.14973E-002
       193   0.70000E-001   0.14972E-002
       194   0.72500E-001   0.14970E-002
       195   0.75000E-001   0.14969E-002
       196   0.77500E-001   0.14967E-002
       197   0.80000E-001   0.14966E-002
       198   0.82500E-001   0.14964E-002
       199   0.85000E-001   0.14962E-002
       200   0.87500E-001   0.14961E-002
       201   0.90000E-001   0.14959E-002
       202   0.92500E-001   0.14958E-002
       203   0.95000E-001   0.14956E-002
       204   0.97500E-001   0.14954E-002
       205   0.10000E+000   0.14953E-002
nvec 
         1   0.00000E+000  -0.15000E-002   0.00000E+000
         2   0.25000E-002  -0.15000E-002   0.00000E+000
         3   0.50000E-002  -0.15000E-002   0.00000E+000
         4   0.75001E-002  -0.15001E-002   0.00000E+000
         5   0.10000E-001  -0.15001E-002   0.00000E+000
         6   0.12500E-001  -0.15001E-002   0.00000E+000
         7   0.15000E-001  -0.15002E-002   0.00000E+000
         8   0.17500E-001  -0.15003E-002   0.00000E+000
         9   0.20000E-001  -0.15003E-002   0.00000E+000
        10   0.22500E-001  -0.15004E-002   0.00000E+000
        11   0.25000E-001  -0.15005E-002   0.00000E+000
        12   0.27500E-001  -0.15006E-002   0.00000E+000
        13   0.30000E-001  -0.15007E-002   0.00000E+000
        14   0.32500E-001  -0.15008E-002   0.00000E+000
        15   0.35000E-001  -0.15009E-002   0.00000E+000
        16   0.37500E-001  -0.15010E-002   0.00000E+000
        17   0.40000E-001  -0.15011E-002   0.00000E+000
        18   0.42500E-001  -0.15012E-002   0.00000E+000
        19   0.45000E-001  -0.15014E-002   0.00000E+000
        20   0.47500E-001  -0.15015E-002   0.00000E+000
        21   0.50000E-001  -0.15016E-002   0.00000E+000
        22   0.52500E-001  -0.15018E-002   0.00000E+000
        23   0.55000E-001  -0.15019E-002   0.00000E+000
        24   0.57500E-001  -0.15021E-002   0.00000E+000
        25   0.60000E-001  -0.15022E-002   0.00000E+000
        26   0.62500E-001  -0.15024E-002   0.00000E+000
        27   0.65000E-001  -0.15025E-002   0.00000E+000
        28   0.67500E-001  -0.15027E-002   0.00000E+000
        29   0.70000E-001  -0.15028E-002   0.00000E+000
        30   0.72500E-001  -0.15030E-002   0.00000E+000
        31   0.75000E-001  -0.15031E-002   0.00000E+000
        32   0.77500E-001  -0.15033E-002   0.00000E+000
        33   0.80000E-001  -0.15034E-002   0.00000E+000
        34   0.82500E-001  -0.15036E-002   0.00000E+000
        35   0.85000E-001  -0.15038E-002   0.00000E+000
        36   0.87500E-001  -0.15039E-002   0.00000E+000
        37   0.90000E-001  -0.15041E-002   0.00000E+000
        38   0.92500E-001  -0.15042E-002   0.00000E+000
        39   0.95000E-001  -0.15044E-002   0.00000E+000
        40   0.97500E-001  -0.15046E-002   0.00000E+000
        41   0.10000E+000  -0.15047E-002   0.00000E+000
        42   0.00000E+000  -0.75000E-003   0.00000E+000
        43   0.25000E-002  -0.75001E-003   0.00000E+000
        44   0.50000E-002  -0.75003E-003   0.00000E+000
        45   0.75000E-002  -0.75005E-003   0.00000E+000
        46   0.10000E-001  -0.75009E-003   0.00000E+000
        47   0.12500E-001  -0.75013E-003   0.00000E+000
        48   0.15000E-001  -0.75019E-003   0.00000E+000
        49   0.17500E-001  -0.75025E-003   0.00000E+000
        50   0.20000E-001  -0.75032E-003   0.00000E+000
        51   0.22500E-001  -0.75039E-003   0.00000E+000
        52   0.25000E-001  -0.75048E-003   0.00000E+000
        53   0.27500E-001  -0.75057E-003   0.00000E+000
        54   0.30000E-001  -0.75066E-003   0.00000E+000
        55   0.32500E-001  -0.75077E-003   0.00000E+000
        56   0.35000E-001  -0.75087E-003   0.00000E+000
        57   0.37500E-001  -0.75099E-003   0.00000E+000
        58   0.40000E-001  -0.75111E-003   0.00000E+000
        59   0.42500E-001  -0.75123E-003   0.00000E+000
        60   0.45000E-001  -0.75136E-003   0.00000E+000
        61   0.47500E-001  -0.75149E-003   0.00000E+000
        62   0.50000E-001  -0.75163E-003   0.00000E+000
        63   0.52500E-001  -0.75176E-003   0.00000E+000
        64   0.55000E-001  -0.75191E-003   0.00000E+000
        65   0.57500E-001  -0.75205E-003   0.00000E+000
        66   0.60000E-001  -0.75220E-003   0.00000E+000
        67   0.62500E-001  -0.75235E-003   0.00000E+000
        68   0.65000E-001  -0.75250E-003   0.00000E+000
        69   0.67500E-001  -0.75266E-003   0.00000E+000
        70   0.70000E-001  -0.75281E-003   0.00000E+000
        71   0.72500E-001  -0.75297E-003   0.00000E+000
        72   0.75000E-001  -0.75313E-003   0.00000E+000
        73   0.77500E-001  -0.75329E-003   0.00000E+000
        74   0.80000E-001  -0.75345E-003   0.00000E+000
        75   0.82500E-001  -0.75361E-003   0.00000E+000
        76   0.85000E-001  -0.75377E-003   0.00000E+000
        77   0.87500E-001  -0.75393E-003   0.00000E+000
        78   0.90000E-001  -0.75409E-003   0.00000E+000
        79   0.92500E-001  -0.75425E-003   0.00000E+000
        80   0.95000E-001  -0.75441E-003   0.00000E+000
        81   0.97500E-001  -0.75457E-003   0.00000E+000
        82   0.10000E+000  -0.75473E-003   0.00000E+000
        83   0.00000E+000   0.00000E+000   0.00000E+000
        84   0.25000E-002  -0.76483E-008   0.00000E+000
        85   0.50000E-002  -0.24581E-007   0.00000E+000
        86   0.75000E-002  -0.51125E-007   0.00000E+000
        87   0.10000E-001  -0.86832E-007   0.00000E+000
        88   0.12500E-001  -0.13142E-006   0.00000E+000
        89   0.15000E-001  -0.18452E-006   0.00000E+000
        90   0.17500E-001  -0.24574E-006   0.00000E+000
        91   0.20000E-001  -0.31472E-006   0.00000E+000
        92   0.22500E-001  -0.39117E-006   0.00000E+000
        93   0.25000E-001  -0.47475E-006   0.00000E+000
        94   0.27500E-001  -0.56505E-006   0.00000E+000
        95   0.30000E-001  -0.66174E-006   0.00000E+000
        96   0.32500E-001  -0.76448E-006   0.00000E+000
        97   0.35000E-001  -0.87291E-006   0.00000E+000
        98   0.37500E-001  -0.98669E-006   0.00000E+000
        99   0.40000E-001  -0.11056E-005   0.00000E+000
       100   0.42500E-001  -0.12292E-005   0.00000E+000
       101   0.45000E-001  -0.13571E-005   0.00000E+000
       102   0.47500E-001  -0.14891E-005   0.00000E+000
       103   0.50000E-001  -0.16249E-005   0.00000E+000
       104   0.52500E-001  -0.17641E-005   0.00000E+000
       105   0.55000E-001  -0.19064E-005   0.00000E+000
       106   0.57500E-001  -0.20517E-005   0.00000E+000
       107   0.60000E-001  -0.21995E-005   0.00000E+000
       108   0.62500E-001  -0.23497E-005   0.00000E+000
       109   0.65000E-001  -0.25018E-005   0.00000E+000
       110   0.67500E-001  -0.26558E-005   0.00000E+000
       111   0.70000E-001  -0.28114E-005   0.00000E+000
       112   0.72500E-001  -0.29683E-005   0.00000E+000
       113   0.75000E-001  -0.31263E-005   0.00000E+000
       114   0.77500E-001  -0.32852E-005   0.00000E+000
       115   0.80000E-001  -0.34450E-005   0.00000E+000
       116   0.82500E-001  -0.36053E-005   0.00000E+000
       117   0.85000E-001  -0.37660E-005   0.00000E+000
       118   0.87500E-001  -0.39270E-005   0.00000E+000
       119   0.90000E-001  -0.40883E-005   0.00000E+000
       120   0.92500E-001  -0.42496E-005   0.00000E+000
       121   0.95000E-001  -0.44109E-005   0.00000E+000
       122   0.97500E-001  -0.45722E-005   0.00000E+000
       123   0.10000E+000  -0.47334E-005   0.00000E+000
       124   0.00000E+000   0.75000E-003   0.00000E+000
       125   0.25000E-002   0.74999E-003   0.00000E+000
       126   0.50000E-002   0.74997E-003   0.00000E+000
       127   0.75000E-002   0.74995E-003   0.00000E+000
       128   0.10000E-001   0.74991E-003   0.00000E+000
       129   0.12500E-001   0.74987E-003   0.00000E+000
       130   0.15000E-001   0.74981E-003   0.00000E+000
       131   0.17500E-001   0.74975E-003   0.00000E+000
       132   0.20000E-001   0.74968E-003   0.00000E+000
       133   0.22500E-001   0.74961E-003   0.00000E+000
       134   0.25000E-001   0.74952E-003   0.00000E+000
       135   0.27500E-001   0.74943E-003   0.00000E+000
       136   0.30000E-001   0.74934E-003   0.00000E+000
       137   0.32500E-001   0.74923E-003   0.00000E+000
       138   0.35000E-001   0.74913E-003   0.00000E+000
       139   0.37500E-001   0.74901E-003   0.00000E+000
       140   0.40000E-001   0.74889E-003   0.00000E+000
       141   0.42500E-001   0.74877E-003   0.00000E+000
       142   0.45000E-001   0.74864E-003   0.00000E+000
       143   0.47500E-001   0.74851E-003   0.00000E+000
       144   0.50000E-001   0.74837E-003   0.00000E+000
       145   0.52500E-001   0.74824E-003   0.00000E+000
       146   0.55000E-001   0.74809E-003   0.00000E+000
       147   0.57500E-001   0.74795E-003   0.00000E+000
       148   0.60000E-001   0.74780E-003   0.00000E+000
       149   0.62500E-001   0.74765E-003   0.00000E+000
       150   0.65000E-001   0.74750E-003   0.00000E+000
       151   0.67500E-001   0.74734E-003   0.00000E+000
       152   0.70000E-001   0.74719E-003   0.00000E+000
       153   0.72500E-001   0.74703E-003   0.00000E+000
       154   0.75000E-001   0.74687E-003   0.00000E+000
       155   0.77500E-001   0.74671E-003   0.00000E+000
       156   0.80000E-001   0.74655E-003   0.00000E+000
       157   0.82500E-001   0.74639E-003   0.00000E+000
       158   0.85000E-001   0.74623E-003   0.00000E+000
       159   0.87500E-001   0.74607E-003   0.00000E+000
       160   0.90000E-001   0.74591E-003   0.00000E+000
       161   0.92500E-001   0.74575E-003   0.00000E+000
       162   0.95000E-001   0.74559E-003   0.00000E+000
       163   0.97500E-001   0.74543E-003   0.00000E+000
       164   0.10000E+000   0.74527E-003   0.00000E+000
       165   0.00000E+000   0.15000E-002   0.00000E+000
       166   0.25000E-002   0.15000E-002   0.00000E+000
       167   0.50000E-002   0.15000E-002   0.00000E+000
       168   0.74999E-002   0.14999E-002   0.00000E+000
       169   0.99999E-002   0.14999E-002   0.00000E+000
       170   0.12500E-001   0.14999E-002   0.00000E+000
       171   0.15000E-001   0.14998E-002   0.00000E+000
       172   0.17500E-001   0.14997E-002   0.00000E+000
       173   0.20000E-001   0.14997E-002   0.00000E+000
       174   0.22500E-001   0.14996E-002   0.00000E+000
       175   0.25000E-001   0.14995E-002   0.00000E+000
       176   0.27500E-001   0.14994E-002   0.00000E+000
       177   0.30000E-001   0.14993E-002   0.00000E+000
       178   0.32500E-001   0.14992E-002   0.00000E+000
       179   0.35000E-001   0.14991E-002   0.00000E+000
       180   0.37500E-001   0.14990E-002   0.00000E+000
       181   0.40000E-001   0.14989E-002   0.00000E+000
       182   0.42500E-001   0.14988E-002   0.00000E+000
       183   0.45000E-001   0.14986E-002   0.00000E+000
       184   0.47500E-001   0.14985E-002   0.00000E+000
       185   0.50000E-001   0.14984E-002   0.00000E+000
       186   0.52500E-001   0.14982E-002   0.00000E+000
       187   0.55000E-001   0.14981E-002   0.00000E+000
       188   0.57500E-001   0.14979E-002   0.00000E+000
       189   0.60000E-001   0.14978E-002   0.00000E+000
       190   0.62500E-001   0.14976E-002   0.00000E+000
       191   0.65000E-001   0.14975E-002   0.00000E+000
       192   0.67500E-001   0.14973E-002   0.00000E+000
       193   0.70000E-001   0.14972E-002   0.00000E+000
       194   0.72500E-001   0.14970E-002   0.00000E+000
       195   0.75000E-001   0.14969E-002   0.00000E+000
       196   0.77500E-001   0.14967E-002   0.00000E+000
       197   0.80000E-001   0.14966E-002   0.00000E+000
       198   0.82500E-001   0.14964E-002   0.00000E+000
       199   0.85000E-001   0.14962E-002   0.00000E+000
       200   0.87500E-001   0.14961E-002   0.00000E+000
       201   0.90000E-001   0.14959E-002   0.00000E+000
       202   0.92500E-001   0.14958E-002   0.00000E+000
       203   0.95000E-001   0.14956E-002   0.00000E+000
       204   0.97500E-001   0.14954E-002   0.00000E+000
       205   0.10000E+000   0.14953E-002   0.00000E+000
tens 
         1    0.21000E+02    0.11962E-04   -0.92415E-05    0.21000E+02
         2    0.21000E+02    0.63196E-05   -0.69669E-06    0.21000E+02
         3    0.21000E+02    0.41971E-05    0.18443E-05    0.21000E+02
         4    0.21000E+02    0.38268E-05    0.20608E-05    0.21000E+02
         5    0.21000E+02    0.39282E-05    0.18116E-05    0.21000E+02
         6    0.21000E+02    0.38512E-05    0.14746E-05    0.21000E+02
         7    0.21000E+02    0.36553E-05    0.12881E-05    0.21000E+02
         8    0.21000E+02    0.35025E-05    0.11748E-05    0.21000E+02
         9    0.21000E+02    0.33160E-05    0.98996E-06    0.21000E+02
        10    0.21000E+02    0.30576E-05    0.69956E-06    0.21000E+02
        11    0.21000E+02    0.28374E-05    0.52032E-06    0.21000E+02
        12    0.21000E+02    0.26525E-05    0.35471E-06    0.21000E+02
        13    0.21000E+02    0.26259E-05    0.26447E-06    0.21000E+02
        14    0.21000E+02    0.25627E-05    0.89072E-07    0.21000E+02
        15    0.21000E+02    0.23434E-05   -0.67945E-07    0.21000E+02
        16    0.21000E+02    0.20438E-05   -0.36814E-06    0.21000E+02
        17    0.21000E+02    0.19266E-05   -0.52250E-06    0.21000E+02
        18    0.21000E+02    0.19224E-05   -0.40076E-06    0.21000E+02
        19    0.21000E+02    0.19928E-05   -0.39021E-06    0.21000E+02
        20    0.21000E+02    0.17436E-05   -0.78217E-06    0.21000E+02
        21    0.21000E+02    0.14272E-05   -0.87834E-06    0.21000E+02
        22    0.21000E+02    0.12847E-05   -0.80643E-06    0.21000E+02
        23    0.21000E+02    0.11764E-05   -0.97769E-06    0.21000E+02
        24    0.21000E+02    0.11088E-05   -0.10787E-05    0.21000E+02
        25    0.21000E+02    0.10304E-05   -0.10218E-05    0.21000E+02
        26    0.21000E+02    0.83283E-06   -0.96056E-06    0.21000E+02
        27    0.21000E+02    0.65102E-06   -0.96977E-06    0.21000E+02
        28    0.21000E+02    0.56348E-06   -0.10924E-05    0.21000E+02
        29    0.21000E+02    0.45543E-06   -0.11356E-05    0.21000E+02
        30    0.21000E+02    0.39051E-06   -0.10674E-05    0.21000E+02
        31    0.21000E+02    0.37386E-06   -0.10002E-05    0.21000E+02
        32    0.21000E+02    0.27012E-06   -0.10526E-05    0.21000E+02
        33    0.21000E+02    0.18669E-06   -0.10098E-05    0.21000E+02
        34    0.21000E+02    0.20787E-07   -0.94209E-06    0.21000E+02
        35    0.21000E+02   -0.35115E-06   -0.93676E-06    0.21000E+02
        36    0.21000E+02   -0.60812E-07   -0.68680E-06    0.21000E+02
        37    0.21000E+02    0.11456E-06   -0.65508E-06    0.21000E+02
        38    0.21000E+02    0.48338E-07   -0.45241E-06    0.21000E+02
        39    0.21000E+02    0.24112E-07   -0.35589E-06    0.21000E+02
        40    0.21000E+02    0.57297E-07   -0.18204E-06    0.21000E+02
        41    0.21000E+02   -0.46924E-07   -0.97578E-07    0.21000E+02
        42    0.21000E+02    0.46536E-05   -0.13675E-04    0.21000E+02
        43    0.21000E+02    0.59862E-05   -0.74073E-05    0.21000E+02
        44    0.21000E+02    0.37985E-06   -0.50670E-05    0.21000E+02
        45    0.21000E+02   -0.52696E-06   -0.44442E-05    0.21000E+02
        46    0.21000E+02   -0.61260E-06   -0.44088E-05    0.21000E+02
        47    0.21000E+02   -0.57790E-06   -0.45565E-05    0.21000E+02
        48    0.21000E+02   -0.55299E-06   -0.45900E-05    0.21000E+02
        49    0.21000E+02   -0.52183E-06   -0.45697E-05    0.21000E+02
        50    0.21000E+02   -0.52682E-06   -0.45911E-05    0.21000E+02
        51    0.21000E+02   -0.49946E-06   -0.46676E-05    0.21000E+02
        52    0.21000E+02   -0.51249E-06   -0.47083E-05    0.21000E+02
        53    0.21000E+02   -0.52679E-06   -0.46758E-05    0.21000E+02
        54    0.21000E+02   -0.47862E-06   -0.46279E-05    0.21000E+02
        55    0.21000E+02   -0.41238E-06   -0.45665E-05    0.21000E+02
        56    0.21000E+02   -0.41899E-06   -0.45071E-05    0.21000E+02
        57    0.21000E+02   -0.48759E-06   -0.45261E-05    0.21000E+02
        58    0.21000E+02   -0.52701E-06   -0.45819E-05    0.21000E+02
        59    0.21000E+02   -0.43074E-06   -0.43232E-05    0.21000E+02
        60    0.21000E+02   -0.27914E-06   -0.40563E-05    0.21000E+02
        61    0.21000E+02   -0.24786E-06   -0.41318E-05    0.21000E+02
        62    0.21000E+02   -0.35622E-06   -0.40747E-05    0.21000E+02
        63    0.21000E+02   -0.33641E-06   -0.37551E-05    0.21000E+02
        64    0.21000E+02   -0.37959E-06   -0.36874E-05    0.21000E+02
        65    0.21000E+02   -0.46606E-06   -0.36749E-05    0.21000E+02
        66    0.21000E+02   -0.42128E-06   -0.34990E-05    0.21000E+02
        67    0.21000E+02   -0.28860E-06   -0.32955E-05    0.21000E+02
        68    0.21000E+02   -0.17215E-06   -0.31320E-05    0.21000E+02
        69    0.21000E+02   -0.19751E-06   -0.30392E-05    0.21000E+02
        70    0.21000E+02   -0.31576E-06   -0.28772E-05    0.21000E+02
        71    0.21000E+02   -0.33715E-06   -0.25915E-05    0.21000E+02
        72    0.21000E+02   -0.32814E-06   -0.23884E-05    0.21000E+02
        73    0.21000E+02   -0.26557E-06   -0.22090E-05    0.21000E+02
        74    0.21000E+02   -0.21522E-06   -0.19535E-05    0.21000E+02
        75    0.21000E+02   -0.16566E-06   -0.16301E-05    0.21000E+02
        76    0.21000E+02   -0.35548E-06   -0.15503E-05    0.21000E+02
        77    0.21000E+02   -0.25062E-06   -0.13458E-05    0.21000E+02
        78    0.21000E+02    0.79100E-08   -0.10470E-05    0.21000E+02
        79    0.21000E+02   -0.75488E-07   -0.81159E-06    0.21000E+02
        80    0.21000E+02   -0.26786E-07   -0.52075E-06    0.21000E+02
        81    0.21000E+02    0.79014E-07   -0.30967E-06    0.21000E+02
        82    0.21000E+02    0.87203E-07   -0.13305E-06    0.21000E+02
        83    0.21000E+02    0.70776E-05   -0.11204E-04    0.21000E+02
        84    0.21000E+02    0.45245E-05   -0.68131E-05    0.21000E+02
        85    0.21000E+02    0.15874E-05   -0.63630E-05    0.21000E+02
        86    0.21000E+02   -0.25211E-06   -0.60538E-05    0.21000E+02
        87    0.21000E+02   -0.68166E-06   -0.59094E-05    0.21000E+02
        88    0.21000E+02   -0.78583E-06   -0.59857E-05    0.21000E+02
        89    0.21000E+02   -0.72809E-06   -0.60086E-05    0.21000E+02
        90    0.21000E+02   -0.63501E-06   -0.59516E-05    0.21000E+02
        91    0.21000E+02   -0.63650E-06   -0.60193E-05    0.21000E+02
        92    0.21000E+02   -0.51969E-06   -0.61554E-05    0.21000E+02
        93    0.21000E+02   -0.38680E-06   -0.61773E-05    0.21000E+02
        94    0.21000E+02   -0.37469E-06   -0.61012E-05    0.21000E+02
        95    0.21000E+02   -0.42629E-06   -0.60950E-05    0.21000E+02
        96    0.21000E+02   -0.36865E-06   -0.59909E-05    0.21000E+02
        97    0.21000E+02   -0.43240E-06   -0.59066E-05    0.21000E+02
        98    0.21000E+02   -0.43081E-06   -0.58846E-05    0.21000E+02
        99    0.21000E+02   -0.44744E-06   -0.59345E-05    0.21000E+02
       100    0.21000E+02   -0.38408E-06   -0.56715E-05    0.21000E+02
       101    0.21000E+02   -0.30341E-06   -0.53676E-05    0.21000E+02
       102    0.21000E+02   -0.31524E-06   -0.54415E-05    0.21000E+02
       103    0.21000E+02   -0.34443E-06   -0.53537E-05    0.21000E+02
       104    0.21000E+02   -0.21839E-06   -0.49683E-05    0.21000E+02
       105    0.21000E+02   -0.16591E-06   -0.47882E-05    0.21000E+02
       106    0.21000E+02   -0.30088E-06   -0.47435E-05    0.21000E+02
       107    0.21000E+02   -0.34689E-06   -0.45749E-05    0.21000E+02
       108    0.21000E+02   -0.31944E-06   -0.44071E-05    0.21000E+02
       109    0.21000E+02   -0.24933E-06   -0.42237E-05    0.21000E+02
       110    0.21000E+02   -0.22790E-06   -0.40832E-05    0.21000E+02
       111    0.21000E+02   -0.29066E-06   -0.39039E-05    0.21000E+02
       112    0.21000E+02   -0.28389E-06   -0.34922E-05    0.21000E+02
       113    0.21000E+02   -0.34946E-06   -0.32333E-05    0.21000E+02
       114    0.21000E+02   -0.25560E-06   -0.30562E-05    0.21000E+02
       115    0.21000E+02   -0.12773E-06   -0.26792E-05    0.21000E+02
       116    0.21000E+02   -0.56901E-07   -0.21503E-05    0.21000E+02
       117    0.21000E+02   -0.12199E-06   -0.19059E-05    0.21000E+02
       118    0.21000E+02   -0.16692E-06   -0.17997E-05    0.21000E+02
       119    0.21000E+02    0.17505E-06   -0.13519E-05    0.21000E+02
       120    0.21000E+02    0.11856E-06   -0.10156E-05    0.21000E+02
       121    0.21000E+02    0.52525E-07   -0.70191E-06    0.21000E+02
       122    0.21000E+02    0.60618E-07   -0.39187E-06    0.21000E+02
       123    0.21000E+02    0.13026E-06   -0.18909E-06    0.21000E+02
       124    0.21000E+02    0.12983E-04   -0.39276E-05    0.21000E+02
       125    0.21000E+02    0.77455E-05   -0.30606E-05    0.21000E+02
       126    0.21000E+02    0.16487E-05   -0.42050E-05    0.21000E+02
       127    0.21000E+02   -0.12261E-06   -0.46733E-05    0.21000E+02
       128    0.21000E+02   -0.57790E-06   -0.46283E-05    0.21000E+02
       129    0.21000E+02   -0.70338E-06   -0.46677E-05    0.21000E+02
       130    0.21000E+02   -0.67522E-06   -0.46793E-05    0.21000E+02
       131    0.21000E+02   -0.60601E-06   -0.45752E-05    0.21000E+02
       132    0.21000E+02   -0.58753E-06   -0.45309E-05    0.21000E+02
       133    0.21000E+02   -0.63435E-06   -0.46672E-05    0.21000E+02
       134    0.21000E+02   -0.54976E-06   -0.47076E-05    0.21000E+02
       135    0.21000E+02   -0.46954E-06   -0.46202E-05    0.21000E+02
       136    0.21000E+02   -0.48731E-06   -0.46099E-05    0.21000E+02
       137    0.21000E+02   -0.39770E-06   -0.45356E-05    0.21000E+02
       138    0.21000E+02   -0.35237E-06   -0.44078E-05    0.21000E+02
       139    0.21000E+02   -0.46275E-06   -0.43951E-05    0.21000E+02
       140    0.21000E+02   -0.47195E-06   -0.45184E-05    0.21000E+02
       141    0.21000E+02   -0.36775E-06   -0.43562E-05    0.21000E+02
       142    0.21000E+02   -0.34264E-06   -0.40338E-05    0.21000E+02
       143    0.21000E+02   -0.34397E-06   -0.40958E-05    0.21000E+02
       144    0.21000E+02   -0.27174E-06   -0.41295E-05    0.21000E+02
       145    0.21000E+02   -0.10194E-06   -0.38361E-05    0.21000E+02
       146    0.21000E+02   -0.78854E-07   -0.36638E-05    0.21000E+02
       147    0.21000E+02   -0.18339E-06   -0.36627E-05    0.21000E+02
       148    0.21000E+02   -0.30540E-06   -0.35873E-05    0.21000E+02
       149    0.21000E+02   -0.35855E-06   -0.33829E-05    0.21000E+02
       150    0.21000E+02   -0.44085E-06   -0.31665E-05    0.21000E+02
       151    0.21000E+02   -0.47417E-06   -0.30585E-05    0.21000E+02
       152    0.21000E+02   -0.37418E-06   -0.29886E-05    0.21000E+02
       153    0.21000E+02   -0.28097E-06   -0.27060E-05    0.21000E+02
       154    0.21000E+02   -0.33701E-06   -0.25105E-05    0.21000E+02
       155    0.21000E+02   -0.27209E-06   -0.24760E-05    0.21000E+02
       156    0.21000E+02   -0.93345E-07   -0.21628E-05    0.21000E+02
       157    0.21000E+02   -0.35963E-07   -0.16984E-05    0.21000E+02
       158    0.21000E+02    0.14313E-08   -0.14669E-05    0.21000E+02
       159    0.21000E+02   -0.14906E-06   -0.14384E-05    0.21000E+02
       160    0.21000E+02   -0.77759E-07   -0.11453E-05    0.21000E+02
       161    0.21000E+02    0.12201E-06   -0.78544E-06    0.21000E+02
       162    0.21000E+02    0.13010E-06   -0.58439E-06    0.21000E+02
       163    0.21000E+02    0.73460E-07   -0.33798E-06    0.21000E+02
       164    0.21000E+02    0.97032E-07   -0.13326E-06    0.21000E+02
       165    0.21000E+02    0.10151E-04   -0.97923E-05    0.21000E+02
       166    0.21000E+02    0.59997E-05   -0.41263E-05    0.21000E+02
       167    0.21000E+02   -0.25473E-05   -0.80001E-05    0.21000E+02
       168    0.21000E+02   -0.42892E-05   -0.84457E-05    0.21000E+02
       169    0.21000E+02   -0.43172E-05   -0.81188E-05    0.21000E+02
       170    0.21000E+02   -0.41529E-05   -0.77729E-05    0.21000E+02
       171    0.21000E+02   -0.39880E-05   -0.76135E-05    0.21000E+02
       172    0.21000E+02   -0.38643E-05   -0.72939E-05    0.21000E+02
       173    0.21000E+02   -0.36455E-05   -0.70045E-05    0.21000E+02
       174    0.21000E+02   -0.35478E-05   -0.68672E-05    0.21000E+02
       175    0.21000E+02   -0.34990E-05   -0.67097E-05    0.21000E+02
       176    0.21000E+02   -0.33329E-05   -0.64903E-05    0.21000E+02
       177    0.21000E+02   -0.31635E-05   -0.63315E-05    0.21000E+02
       178    0.21000E+02   -0.28623E-05   -0.61249E-05    0.21000E+02
       179    0.21000E+02   -0.25162E-05   -0.57940E-05    0.21000E+02
       180    0.21000E+02   -0.23790E-05   -0.55503E-05    0.21000E+02
       181    0.21000E+02   -0.24387E-05   -0.54787E-05    0.21000E+02
       182    0.21000E+02   -0.21472E-05   -0.53511E-05    0.21000E+02
       183    0.21000E+02   -0.19597E-05   -0.49027E-05    0.21000E+02
       184    0.21000E+02   -0.18602E-05   -0.46973E-05    0.21000E+02
       185    0.21000E+02   -0.16563E-05   -0.46609E-05    0.21000E+02
       186    0.21000E+02   -0.12284E-05   -0.42981E-05    0.21000E+02
       187    0.21000E+02   -0.10420E-05   -0.39394E-05    0.21000E+02
       188    0.21000E+02   -0.10523E-05   -0.37971E-05    0.21000E+02
       189    0.21000E+02   -0.11148E-05   -0.37079E-05    0.21000E+02
       190    0.21000E+02   -0.12353E-05   -0.34581E-05    0.21000E+02
       191    0.21000E+02   -0.12484E-05   -0.31088E-05    0.21000E+02
       192    0.21000E+02   -0.11644E-05   -0.28534E-05    0.21000E+02
       193    0.21000E+02   -0.78657E-06   -0.27182E-05    0.21000E+02
       194    0.21000E+02   -0.53934E-06   -0.24191E-05    0.21000E+02
       195    0.21000E+02   -0.53180E-06   -0.21019E-05    0.21000E+02
       196    0.21000E+02   -0.56063E-06   -0.21378E-05    0.21000E+02
       197    0.21000E+02   -0.30961E-06   -0.18961E-05    0.21000E+02
       198    0.21000E+02   -0.19157E-06   -0.13558E-05    0.21000E+02
       199    0.21000E+02   -0.90881E-07   -0.11235E-05    0.21000E+02
       200    0.21000E+02   -0.40333E-07   -0.10942E-05    0.21000E+02
       201    0.21000E+02   -0.13085E-06   -0.94751E-06    0.21000E+02
       202    0.21000E+02    0.11935E-07   -0.60375E-06    0.21000E+02
       203    0.21000E+02    0.77147E-07   -0.43954E-06    0.21000E+02
       204    0.21000E+02    0.23382E-07   -0.31870E-06    0.21000E+02
       205    0.21000E+02    0.49354E-07   -0.13616E-06    0.21000E+02
end 
